Deployment Name,Date,Source,Tab Name,Item Code,Section,Super Category Name,Category Name,Item Name,Item Qty,Total Qty,Rate,SubTotal,Discount,Net Amount,Total Tax,Gross Amount,Bills,
"MSFT Hyd","2025-07-01","POS","DINE IN","353","EMP MEAL","Emp Meal","Emp Meal","Emp Meal",3.00,3.00,0.000,0.00,0.00,0.00,0.00,0.00,0,
"MSFT Hyd","2025-07-01","POS","DINE IN","354","NA","Cold Beverages","Food Sampling for Microsoft/Compass","Master Blend",1.00,1.00,0.000,0.00,0.00,0.00,0.00,0.00,0,
"MSFT Hyd","2025-07-01","POS","DINE IN","356","NA","Cold Beverages","Food Sampling for Microsoft/Compass","Regular Milk @160ML",1.00,1.00,0.000,0.00,0.00,0.00,0.00,0.00,0,
"MSFT Hyd","2025-07-01","POS","DINE IN","355","NA","Cold Beverages","Food Sampling for Microsoft/Compass","Volcano Blend@54g",1.00,1.00,0.000,0.00,0.00,0.00,0.00,0.00,0,
"MSFT Hyd","2025-07-01","POS","TAKEAWAY","205","FOOD","Desserts","Gelato","French Vanilla Single Scoop",2.00,2.00,99.000,198.00,0.00,198.00,9.90,207.90,0,
"MSFT Hyd","2025-07-01","POS","TAKEAWAY","234","BEVERAGES","ADDON","Choice of Beans","Master Blend - (Default)",7.00,7.00,0.000,0.00,0.00,0.00,0.00,0.00,0,
"MSFT Hyd","2025-07-01","POS","TAKEAWAY","105","BEVERAGES","Hot Beverages","Hot Brews","Cappuccino-Med",3.00,3.00,180.000,540.00,0.00,540.00,27.00,567.00,0,
"MSFT Hyd","2025-07-01","POS","TAKEAWAY","339","BEVERAGES","ADDON","Choice of Milk","Regular - Milk -160g Default",6.00,6.00,0.000,0.00,0.00,0.00,0.00,0.00,0,
"MSFT Hyd","2025-07-01","POS","TAKEAWAY","218","FOOD","Quick Bites","Puff & Toastie","Herb Infused Roasted Chicken Toastie",1.00,1.00,200.000,200.00,0.00,200.00,10.00,210.00,0,
"MSFT Hyd","2025-07-01","POS","TAKEAWAY","211","FOOD","Quick Bites","Croissant Cookie & Muffin","Double Choco Chunk Cookie",4.00,4.00,104.000,416.00,0.00,416.00,20.80,436.80,0,
"MSFT Hyd","2025-07-01","POS","TAKEAWAY","237","BEVERAGES","ADDON","Choice of Crema","Salted Caramel Crema - 0  (Default)",9.00,9.00,0.000,0.00,0.00,0.00,0.00,0.00,0,
"MSFT Hyd","2025-07-01","POS","TAKEAWAY","191","FOOD","Desserts","Desserts","Berry & Honey Yogurt Jar",1.00,1.00,253.000,253.00,0.00,253.00,12.65,265.65,0,
"MSFT Hyd","2025-07-01","POS","TAKEAWAY","137","BEVERAGES","ADDON","Choice of Beans","Volcano Blend@0",1.00,1.00,0.000,0.00,0.00,0.00,0.00,0.00,0,
"MSFT Hyd","2025-07-01","POS","TAKEAWAY","113","BEVERAGES","Hot Beverages","Hot Brews","Mocha Cappuccino-Med",1.00,1.00,200.000,200.00,0.00,200.00,10.00,210.00,0,
"MSFT Hyd","2025-07-01","POS","TAKEAWAY","110","BEVERAGES","Hot Beverages","Hot Brews","Machiato (Single)",1.00,1.00,140.000,140.00,0.00,140.00,7.00,147.00,0,
"MSFT Hyd","2025-07-01","POS","TAKEAWAY","48","BEVERAGES","Cold Beverages","Island Special-Cold","Freddo Cappuccino-Lrg",3.00,3.00,190.000,570.00,0.00,570.00,28.50,598.50,0,
"MSFT Hyd","2025-07-01","POS","TAKEAWAY","118","BEVERAGES","Hot Beverages","Hot Chocolate","Classic Strawberry Hot Chocolate-Med",1.00,1.00,190.000,190.00,0.00,190.00,9.50,199.50,0,
"MSFT Hyd","2025-07-01","POS","TAKEAWAY","124","BEVERAGES","Hot Beverages","Hot Chocolate","Hazelnut Indulgent Hot Chocolate-Reg",4.00,4.00,170.000,680.00,0.00,680.00,34.00,714.00,0,
"MSFT Hyd","2025-07-01","POS","TAKEAWAY","177","FOOD","Main Course","Pizza","Chipotle Chicken Mozzarella Pide",2.00,2.00,253.000,506.00,0.00,506.00,25.30,531.30,0,
"MSFT Hyd","2025-07-01","POS","TAKEAWAY","167","BEVERAGES","ADDON","Choice of Syrup","Salted Caramel Syrup @50",1.00,1.00,25.000,25.00,0.00,25.00,1.25,26.25,0,
"MSFT Hyd","2025-07-01","POS","TAKEAWAY","342","BEVERAGES","ADDON","Choice of Milk","Regular - Milk -200g Default",7.00,7.00,0.000,0.00,0.00,0.00,0.00,0.00,0,
"MSFT Hyd","2025-07-01","POS","TAKEAWAY","15","BEVERAGES","Cold Beverages","Cold Brews","Iced Americano-Med",1.00,1.00,160.000,160.00,0.00,160.00,8.00,168.00,0,
"MSFT Hyd","2025-07-01","POS","TAKEAWAY","141","BEVERAGES","ADDON","Choice of Beans","Kenya Single Estate @50",2.00,2.00,50.000,100.00,0.00,100.00,5.00,105.00,0,
"MSFT Hyd","2025-07-01","POS","TAKEAWAY","172","FOOD","Main Course","Hand Made Sandwiches","Cheesy Meatball Melt",1.00,1.00,360.000,360.00,0.00,360.00,18.00,378.00,0,
"MSFT Hyd","2025-07-01","POS","TAKEAWAY","61","BEVERAGES","Cold Beverages","Overnight Brew","Overnite Espresso Vietnamese Brew",1.00,1.00,220.000,220.00,0.00,220.00,11.00,231.00,0,
"MSFT Hyd","2025-07-01","POS","TAKEAWAY","14","BEVERAGES","Cold Beverages","Cold Brews","Iced Americano-Lrg",1.00,1.00,180.000,180.00,0.00,180.00,9.00,189.00,0,
"MSFT Hyd","2025-07-01","POS","TAKEAWAY","183","FOOD","Main Course","Wholesome Wrap","Sriracha Chicken & Avocado Wrap",1.00,1.00,253.000,253.00,0.00,253.00,12.65,265.65,0,
"MSFT Hyd","2025-07-01","POS","TAKEAWAY","63","BEVERAGES","Cold Beverages","Proffees (Protein + Coffee)","Cookie & Cream Proffee (Protein + Coffee)",7.00,7.00,220.000,1540.00,0.00,1540.00,77.00,1617.00,0,
"MSFT Hyd","2025-07-01","POS","TAKEAWAY","56","BEVERAGES","Cold Beverages","Milk Shake","Berry Burst Paradise Milkshake-Med",1.00,1.00,190.000,190.00,0.00,190.00,9.50,199.50,0,
"MSFT Hyd","2025-07-01","POS","TAKEAWAY","10","BEVERAGES","Cold Beverages","Cold Brews","Islander Cold Coffee-Lrg",18.00,18.00,190.000,3420.00,0.00,3420.00,171.00,3591.00,0,
"MSFT Hyd","2025-07-01","POS","TAKEAWAY","189","FOOD","Desserts","Desserts","New York Cheesecake",2.00,2.00,253.000,506.00,0.00,506.00,25.30,531.30,0,
"MSFT Hyd","2025-07-01","POS","TAKEAWAY","186","FOOD","Desserts","Desserts","Belgian Chocolate Fudge Brownie",14.00,14.00,104.000,1456.00,0.00,1456.00,72.80,1528.80,0,
"MSFT Hyd","2025-07-01","POS","TAKEAWAY","52","BEVERAGES","Cold Beverages","Milk Shake","Double Chocolate Indulgent Milkshake-Med",2.00,2.00,190.000,380.00,0.00,380.00,19.00,399.00,0,
"MSFT Hyd","2025-07-01","POS","TAKEAWAY","45","BEVERAGES","Cold Beverages","Island Special-Cold","Mocha Espressione Cold-Med",2.00,2.00,190.000,380.00,0.00,380.00,19.00,399.00,0,
"MSFT Hyd","2025-07-01","POS","TAKEAWAY","336","BEVERAGES","ADDON","Choice of Milk","Regular - Milk -130g Default",9.00,9.00,0.000,0.00,0.00,0.00,0.00,0.00,0,
"MSFT Hyd","2025-07-01","POS","TAKEAWAY","338","BEVERAGES","ADDON","Choice of Milk","Regular - Milk -150g Default",1.00,1.00,0.000,0.00,0.00,0.00,0.00,0.00,0,
"MSFT Hyd","2025-07-01","POS","TAKEAWAY","188","FOOD","Desserts","Desserts","Cinnamon & Jaggery Tea Cake",5.00,5.00,147.000,735.00,0.00,735.00,36.75,771.75,0,
"MSFT Hyd","2025-07-01","POS","TAKEAWAY","33","BEVERAGES","Cold Beverages","Iced Chocolate","Guilt-Free Iced Chocolate-Med",2.00,2.00,170.000,340.00,0.00,340.00,17.00,357.00,0,
"MSFT Hyd","2025-07-01","POS","TAKEAWAY","216","FOOD","Quick Bites","Croissant Cookie & Muffin","White Chocolate & Pistachio Flat Croissant",1.00,1.00,147.000,147.00,0.00,147.00,7.35,154.35,0,
"MSFT Hyd","2025-07-01","POS","TAKEAWAY","70","BEVERAGES","Cold Beverages","Refresh","Iced Classic Lemon Tea-Med",1.00,1.00,130.000,130.00,0.00,130.00,6.50,136.50,0,
"MSFT Hyd","2025-07-01","POS","TAKEAWAY","32","BEVERAGES","Cold Beverages","Iced Chocolate","Guilt-Free Iced Chocolate-Lrg",3.00,3.00,190.000,570.00,0.00,570.00,28.50,598.50,0,
"MSFT Hyd","2025-07-01","POS","TAKEAWAY","38","BEVERAGES","Cold Beverages","Iced Chocolate","Dreamy Hazelnut Iced Chocolate-Lrg",5.00,5.00,190.000,950.00,0.00,950.00,47.50,997.50,0,
"MSFT Hyd","2025-07-01","POS","TAKEAWAY","240","BEVERAGES","Cold Beverages","Choice of Extra Shot - 50","Extra Shot - Volcano Blend",1.00,1.00,50.000,50.00,0.00,50.00,2.50,52.50,0,
"MSFT Hyd","2025-07-01","POS","TAKEAWAY","176","FOOD","Main Course","Rice Bowl","Chipotle Chicken With Broccomole",1.00,1.00,306.000,306.00,0.00,306.00,15.30,321.30,0,
"MSFT Hyd","2025-07-01","POS","TAKEAWAY","187","FOOD","Desserts","Desserts","Nolen Gur Banofee Jar",1.00,1.00,253.000,253.00,0.00,253.00,12.65,265.65,0,
"MSFT Hyd","2025-07-01","POS","TAKEAWAY","50","BEVERAGES","Cold Beverages","Island Special-Cold","Iced Vietneamese Shakerato",6.00,6.00,220.000,1320.00,0.00,1320.00,66.00,1386.00,0,
"MSFT Hyd","2025-07-01","POS","TAKEAWAY","106","BEVERAGES","Hot Beverages","Hot Brews","Cappuccino-reg",5.00,5.00,160.000,800.00,0.00,800.00,40.00,840.00,0,
"MSFT Hyd","2025-07-01","POS","TAKEAWAY","2","BEVERAGES","Cold Beverages","Cold Brews","Iced Latte Signature-Med",2.00,2.00,130.000,260.00,0.00,260.00,13.00,273.00,0,
"MSFT Hyd","2025-07-01","POS","TAKEAWAY","103","BEVERAGES","Hot Beverages","Hot Brews","Coffeeccino-reg",2.00,2.00,170.000,340.00,0.00,340.00,17.00,357.00,0,
"MSFT Hyd","2025-07-01","POS","TAKEAWAY","337","BEVERAGES","ADDON","Choice of Milk","Regular - Milk -140g Default",2.00,2.00,0.000,0.00,0.00,0.00,0.00,0.00,0,
"MSFT Hyd","2025-07-01","POS","TAKEAWAY","212","FOOD","Quick Bites","Croissant Cookie & Muffin","French Butter Croissant",5.00,5.00,104.000,520.00,0.00,520.00,26.00,546.00,0,
"MSFT Hyd","2025-07-01","POS","TAKEAWAY","151","BEVERAGES","ADDON","Choice of Milk","Oat Milk @50",1.00,1.00,50.000,50.00,0.00,50.00,2.50,52.50,0,
"MSFT Hyd","2025-07-01","POS","TAKEAWAY","39","BEVERAGES","Cold Beverages","Iced Chocolate","Dreamy Hazelnut Iced Chocolate-Med",4.00,4.00,170.000,680.00,0.00,680.00,34.00,714.00,0,
"MSFT Hyd","2025-07-01","POS","TAKEAWAY","6","BEVERAGES","Cold Beverages","Cold Brews","Bobastic Coffeeccino-Med",8.00,8.00,190.000,1520.00,0.00,1520.00,76.00,1596.00,0,
"MSFT Hyd","2025-07-01","POS","TAKEAWAY","112","BEVERAGES","Hot Beverages","Hot Brews","Mocha Cappuccino-reg",9.00,9.00,180.000,1620.00,0.00,1620.00,81.00,1701.00,0,
"MSFT Hyd","2025-07-01","POS","TAKEAWAY","99","BEVERAGES","Hot Beverages","Hot Brews","Americano-reg",5.00,5.00,140.000,700.00,0.00,700.00,35.00,735.00,0,
"MSFT Hyd","2025-07-01","POS","TAKEAWAY","3","BEVERAGES","Cold Beverages","Cold Brews","Iced Latte Signature-Lrg",3.00,3.00,150.000,450.00,0.00,450.00,22.50,472.50,0,
"MSFT Hyd","2025-07-01","POS","TAKEAWAY","196","FOOD","Desserts","Gelato","Belgian Chocolate Singal Scoop",8.00,8.00,99.000,792.00,0.00,792.00,39.60,831.60,0,
"MSFT Hyd","2025-07-01","POS","TAKEAWAY","125","BEVERAGES","Hot Beverages","Hot Chocolate","Hazelnut Indulgent Hot Chocolate-Med",2.00,2.00,190.000,380.00,0.00,380.00,19.00,399.00,0,
"MSFT Hyd","2025-07-01","POS","TAKEAWAY","80","BEVERAGES","Cold Beverages","Refresh","Iced Apple Green Tea-Lrg",1.00,1.00,150.000,150.00,0.00,150.00,7.50,157.50,0,
"MSFT Hyd","2025-07-01","POS","TAKEAWAY","334","BEVERAGES","ADDON","Choice of Milk","Regular - Milk -110g Default",1.00,1.00,0.000,0.00,0.00,0.00,0.00,0.00,0,
"MSFT Hyd","2025-07-01","POS","TAKEAWAY","340","BEVERAGES","ADDON","Choice of Milk","Regular - Milk -170g Default",3.00,3.00,0.000,0.00,0.00,0.00,0.00,0.00,0,
"MSFT Hyd","2025-07-01","POS","TAKEAWAY","92","BEVERAGES","Hot Beverages","Hot Brews","Espresso (Single)",2.00,2.00,130.000,260.00,0.00,260.00,13.00,273.00,0,
"MSFT Hyd","2025-07-01","POS","TAKEAWAY","210","FOOD","Quick Bites","Croissant Cookie & Muffin","Parker House Cream Pie Croissant",1.00,1.00,147.000,147.00,0.00,147.00,7.35,154.35,0,
"MSFT Hyd","2025-07-01","POS","TAKEAWAY","135","BEVERAGES","Hot Beverages","Island Special-Hot","Mocha Espressione Hot-reg",2.00,2.00,190.000,380.00,0.00,380.00,19.00,399.00,0,
"MSFT Hyd","2025-07-01","POS","TAKEAWAY","217","FOOD","Quick Bites","Puff & Toastie","Korean Garlic Mushroom Puff",9.00,9.00,104.000,936.00,0.00,936.00,46.80,982.80,0,
"MSFT Hyd","2025-07-01","POS","TAKEAWAY","333","BEVERAGES","ADDON","Choice of Milk","Regular - Milk -100g Default",2.00,2.00,0.000,0.00,0.00,0.00,0.00,0.00,0,
"MSFT Hyd","2025-07-01","POS","TAKEAWAY","115","BEVERAGES","Hot Beverages","Hot Chocolate","Signature Belgian Dark Hot Chocolate-reg",1.00,1.00,170.000,170.00,0.00,170.00,8.50,178.50,0,
"MSFT Hyd","2025-07-01","POS","TAKEAWAY","150","BEVERAGES","ADDON","Choice of Milk","Almond Milk @50",2.00,2.00,50.000,100.00,0.00,100.00,5.00,105.00,0,
"MSFT Hyd","2025-07-01","POS","TAKEAWAY","139","BEVERAGES","ADDON","Choice of Beans","Kenya Blend @25",1.00,1.00,25.000,25.00,0.00,25.00,1.25,26.25,0,
"MSFT Hyd","2025-07-01","POS","TAKEAWAY","96","BEVERAGES","Hot Beverages","Hot Brews","Hot Latte Signature-Med",7.00,7.00,180.000,1260.00,0.00,1260.00,63.00,1323.00,0,
"MSFT Hyd","2025-07-01","POS","TAKEAWAY","97","BEVERAGES","Hot Beverages","Hot Brews","Hot Latte Signature-reg",1.00,1.00,160.000,160.00,0.00,160.00,8.00,168.00,0,
"MSFT Hyd","2025-07-01","POS","TAKEAWAY","142","BEVERAGES","ADDON","Choice of Beans","Ethiopia Single Estate @50",1.00,1.00,50.000,50.00,0.00,50.00,2.50,52.50,0,
"MSFT Hyd","2025-07-01","POS","TAKEAWAY","8","BEVERAGES","Cold Beverages","Cold Brews","Gelato Affagato",3.00,3.00,210.000,630.00,0.00,630.00,31.50,661.50,0,
"MSFT Hyd","2025-07-01","POS","TAKEAWAY","170","FOOD","Main Course","Hand Made Sandwiches","Roasted Tomato & Bocconcini Croissant",3.00,3.00,253.000,759.00,0.00,759.00,37.95,796.95,0,
"MSFT Hyd","2025-07-01","POS","TAKEAWAY","200","FOOD","Desserts","Gelato","Mango Sorbet Singal Scoop",3.00,3.00,99.000,297.00,0.00,297.00,14.85,311.85,0,
"MSFT Hyd","2025-07-01","POS","TAKEAWAY","138","BEVERAGES","ADDON","Choice of Beans","Master Blend @0",1.00,1.00,0.000,0.00,0.00,0.00,0.00,0.00,0,
"MSFT Hyd","2025-07-01","POS","TAKEAWAY","209","FOOD","Desserts","Gelato","Dark Chocolate SSC Single Scoop",3.00,3.00,99.000,297.00,0.00,297.00,14.85,311.85,0,
"MSFT Hyd","2025-07-01","POS","TAKEAWAY","219","FOOD","Quick Bites","Puff & Toastie","Peri Peri Cheese Toastie",1.00,1.00,200.000,200.00,0.00,200.00,10.00,210.00,0,
"MSFT Hyd","2025-07-01","POS","TAKEAWAY","11","BEVERAGES","Cold Beverages","Cold Brews","Islander Cold Coffee-Med",7.00,7.00,180.000,1260.00,0.00,1260.00,63.00,1323.00,0,
"MSFT Hyd","2025-07-01","POS","TAKEAWAY","344","BEVERAGES","ADDON","Choice of Milk","Regular - Milk -220g Default",14.00,14.00,0.000,0.00,0.00,0.00,0.00,0.00,0,
"MSFT Hyd","2025-07-01","POS","TAKEAWAY","190","FOOD","Desserts","Desserts","Pecan & Date Tea Cake",1.00,1.00,200.000,200.00,0.00,200.00,10.00,210.00,0,
"MSFT Hyd","2025-07-01","POS","TAKEAWAY","184","FOOD","Main Course","Wholesome Wrap","Smoked Cottage Cheese Wrap",2.00,2.00,253.000,506.00,0.00,506.00,25.30,531.30,0,
"MSFT Hyd","2025-07-01","POS","TAKEAWAY","116","BEVERAGES","Hot Beverages","Hot Chocolate","Signature Belgian Dark Hot Chocolate-Med",6.00,6.00,190.000,1140.00,0.00,1140.00,57.00,1197.00,0,
"MSFT Hyd","2025-07-01","POS","TAKEAWAY","49","BEVERAGES","Cold Beverages","Island Special-Cold","Freddo Cappuccino-Med",1.00,1.00,170.000,170.00,0.00,170.00,8.50,178.50,0,
"MSFT Hyd","2025-07-01","POS","TAKEAWAY","221","FOOD","Quick Bites","Puff & Toastie","Chipotle Paneer Bhurji & Broccomole Toastie",1.00,1.00,253.000,253.00,0.00,253.00,12.65,265.65,0,
"MSFT Hyd","2025-07-01","POS","TAKEAWAY","235","BEVERAGES","ADDON","Choice of Beans","Volcano Blend - (Default)",70.00,70.00,0.000,0.00,0.00,0.00,0.00,0.00,0,
"MSFT Hyd","2025-07-01","POS","TAKEAWAY","347","BEVERAGES","Cold Beverages","Cold Brews","Kenya Blend 36g @ 25",1.00,1.00,25.000,25.00,0.00,25.00,1.25,26.25,0,
"MSFT Hyd","2025-07-01","POS","TAKEAWAY","215","FOOD","Quick Bites","Croissant Cookie & Muffin","Rocky Road & Pecan Muffin",1.00,1.00,200.000,200.00,0.00,200.00,10.00,210.00,0,
"MSFT Hyd","2025-07-01","POS","TAKEAWAY","166","BEVERAGES","ADDON","Choice of Syrup","Hazelnut Syrup @50",7.00,7.00,25.000,175.00,0.00,175.00,8.75,183.75,0,
"MSFT Hyd","2025-07-01","POS","TAKEAWAY","121","BEVERAGES","Hot Beverages","Hot Chocolate","Guilt-Free Hot Chocolate-Med",2.00,2.00,190.000,380.00,0.00,380.00,19.00,399.00,0,
"MSFT Hyd","2025-07-01","POS","TAKEAWAY","332","BEVERAGES","ADDON","Choice of Milk","Regular - Milk -90g Default",7.00,7.00,0.000,0.00,0.00,0.00,0.00,0.00,0,
"MSFT Hyd","2025-07-01","POS","TAKEAWAY","341","BEVERAGES","ADDON","Choice of Milk","Regular - Milk -180g Default",4.00,4.00,0.000,0.00,0.00,0.00,0.00,0.00,0,
"MSFT Hyd","2025-07-01","POS","TAKEAWAY","174","FOOD","Main Course","Hand Made Sandwiches","Garlic Mushroom & Caramelized Onion Melt",2.00,2.00,253.000,506.00,0.00,506.00,25.30,531.30,0,
"MSFT Hyd","2025-07-02","POS","DINE IN","353","EMP MEAL","Emp Meal","Emp Meal","Emp Meal",3.00,3.00,0.000,0.00,0.00,0.00,0.00,0.00,0,
"MSFT Hyd","2025-07-02","POS","DINE IN","355","NA","Cold Beverages","Food Sampling for Microsoft/Compass","Volcano Blend@54g",1.00,1.00,0.000,0.00,0.00,0.00,0.00,0.00,0,
"MSFT Hyd","2025-07-02","POS","DINE IN","354","NA","Cold Beverages","Food Sampling for Microsoft/Compass","Master Blend",1.00,1.00,0.000,0.00,0.00,0.00,0.00,0.00,0,
"MSFT Hyd","2025-07-02","POS","DINE IN","356","NA","Cold Beverages","Food Sampling for Microsoft/Compass","Regular Milk @160ML",1.00,1.00,0.000,0.00,0.00,0.00,0.00,0.00,0,
"MSFT Hyd","2025-07-02","POS","TAKEAWAY","210","FOOD","Quick Bites","Croissant Cookie & Muffin","Parker House Cream Pie Croissant",1.00,1.00,147.340,147.34,0.00,147.34,7.37,154.71,0,
"MSFT Hyd","2025-07-02","POS","TAKEAWAY","191","FOOD","Desserts","Desserts","Berry & Honey Yogurt Jar",2.00,2.00,253.000,506.00,0.00,506.00,25.30,531.30,0,
"MSFT Hyd","2025-07-02","POS","TAKEAWAY","35","BEVERAGES","Cold Beverages","Iced Chocolate","Classic Strawberry Iced Chocolate-Lrg",1.00,1.00,190.000,190.00,0.00,190.00,9.50,199.50,0,
"MSFT Hyd","2025-07-02","POS","TAKEAWAY","340","BEVERAGES","ADDON","Choice of Milk","Regular - Milk -170g Default",7.00,7.00,0.000,0.00,0.00,0.00,0.00,0.00,0,
"MSFT Hyd","2025-07-02","POS","TAKEAWAY","15","BEVERAGES","Cold Beverages","Cold Brews","Iced Americano-Med",1.00,1.00,160.000,160.00,0.00,160.00,8.00,168.00,0,
"MSFT Hyd","2025-07-02","POS","TAKEAWAY","140","BEVERAGES","ADDON","Choice of Beans","Ethiopia Blend @25",1.00,1.00,25.000,25.00,0.00,25.00,1.25,26.25,0,
"MSFT Hyd","2025-07-02","POS","TAKEAWAY","166","BEVERAGES","ADDON","Choice of Syrup","Hazelnut Syrup @50",3.00,3.00,25.000,75.00,0.00,75.00,3.75,78.75,0,
"MSFT Hyd","2025-07-02","POS","TAKEAWAY","100","BEVERAGES","Hot Beverages","Hot Brews","Americano-Med",2.00,2.00,160.000,320.00,0.00,320.00,16.00,336.00,0,
"MSFT Hyd","2025-07-02","POS","TAKEAWAY","115","BEVERAGES","Hot Beverages","Hot Chocolate","Signature Belgian Dark Hot Chocolate-reg",2.00,2.00,170.000,340.00,0.00,340.00,17.00,357.00,0,
"MSFT Hyd","2025-07-02","POS","TAKEAWAY","10","BEVERAGES","Cold Beverages","Cold Brews","Islander Cold Coffee-Lrg",18.00,18.00,190.000,3420.00,0.00,3420.00,171.00,3591.00,0,
"MSFT Hyd","2025-07-02","POS","TAKEAWAY","344","BEVERAGES","ADDON","Choice of Milk","Regular - Milk -220g Default",8.00,8.00,0.000,0.00,0.00,0.00,0.00,0.00,0,
"MSFT Hyd","2025-07-02","POS","TAKEAWAY","200","FOOD","Desserts","Gelato","Mango Sorbet Singal Scoop",2.00,2.00,99.000,198.00,0.00,198.00,9.90,207.90,0,
"MSFT Hyd","2025-07-02","POS","TAKEAWAY","97","BEVERAGES","Hot Beverages","Hot Brews","Hot Latte Signature-reg",3.00,3.00,160.000,480.00,0.00,480.00,24.00,504.00,0,
"MSFT Hyd","2025-07-02","POS","TAKEAWAY","139","BEVERAGES","ADDON","Choice of Beans","Kenya Blend @25",1.00,1.00,25.000,25.00,0.00,25.00,1.25,26.25,0,
"MSFT Hyd","2025-07-02","POS","TAKEAWAY","11","BEVERAGES","Cold Beverages","Cold Brews","Islander Cold Coffee-Med",7.00,7.00,180.000,1260.00,0.00,1260.00,63.00,1323.00,0,
"MSFT Hyd","2025-07-02","POS","TAKEAWAY","209","FOOD","Desserts","Gelato","Dark Chocolate SSC Single Scoop",7.00,7.00,99.000,693.00,0.00,693.00,34.65,727.65,0,
"MSFT Hyd","2025-07-02","POS","TAKEAWAY","6","BEVERAGES","Cold Beverages","Cold Brews","Bobastic Coffeeccino-Med",5.00,5.00,190.000,950.00,0.00,950.00,47.50,997.50,0,
"MSFT Hyd","2025-07-02","POS","TAKEAWAY","116","BEVERAGES","Hot Beverages","Hot Chocolate","Signature Belgian Dark Hot Chocolate-Med",8.00,8.00,190.000,1520.00,0.00,1520.00,76.00,1596.00,0,
"MSFT Hyd","2025-07-02","POS","TAKEAWAY","102","BEVERAGES","Hot Beverages","Hot Brews","Coffeeccino-Med",3.00,3.00,190.000,570.00,0.00,570.00,28.50,598.50,0,
"MSFT Hyd","2025-07-02","POS","TAKEAWAY","94","BEVERAGES","Hot Beverages","Hot Brews","Flat White",1.00,1.00,170.000,170.00,0.00,170.00,8.50,178.50,0,
"MSFT Hyd","2025-07-02","POS","TAKEAWAY","217","FOOD","Quick Bites","Puff & Toastie","Korean Garlic Mushroom Puff",4.00,4.00,104.345,417.38,0.00,417.38,20.86,438.24,0,
"MSFT Hyd","2025-07-02","POS","TAKEAWAY","14","BEVERAGES","Cold Beverages","Cold Brews","Iced Americano-Lrg",1.00,1.00,180.000,180.00,0.00,180.00,9.00,189.00,0,
"MSFT Hyd","2025-07-02","POS","TAKEAWAY","219","FOOD","Quick Bites","Puff & Toastie","Peri Peri Cheese Toastie",1.00,1.00,200.000,200.00,0.00,200.00,10.00,210.00,0,
"MSFT Hyd","2025-07-02","POS","TAKEAWAY","8","BEVERAGES","Cold Beverages","Cold Brews","Gelato Affagato",1.00,1.00,210.000,210.00,0.00,210.00,10.50,220.50,0,
"MSFT Hyd","2025-07-02","POS","TAKEAWAY","234","BEVERAGES","ADDON","Choice of Beans","Master Blend - (Default)",10.00,10.00,0.000,0.00,0.00,0.00,0.00,0.00,0,
"MSFT Hyd","2025-07-02","POS","TAKEAWAY","2","BEVERAGES","Cold Beverages","Cold Brews","Iced Latte Signature-Med",6.00,6.00,130.000,780.00,0.00,780.00,39.00,819.00,0,
"MSFT Hyd","2025-07-02","POS","TAKEAWAY","109","BEVERAGES","Hot Beverages","Hot Brews","Lungo Reg",1.00,1.00,170.000,170.00,0.00,170.00,8.50,178.50,0,
"MSFT Hyd","2025-07-02","POS","TAKEAWAY","218","FOOD","Quick Bites","Puff & Toastie","Herb Infused Roasted Chicken Toastie",1.00,1.00,200.000,200.00,0.00,200.00,10.00,210.00,0,
"MSFT Hyd","2025-07-02","POS","TAKEAWAY","52","BEVERAGES","Cold Beverages","Milk Shake","Double Chocolate Indulgent Milkshake-Med",2.00,2.00,190.000,380.00,0.00,380.00,19.00,399.00,0,
"MSFT Hyd","2025-07-02","POS","TAKEAWAY","216","FOOD","Quick Bites","Croissant Cookie & Muffin","White Chocolate & Pistachio Flat Croissant",1.00,1.00,147.340,147.34,0.00,147.34,7.37,154.71,0,
"MSFT Hyd","2025-07-02","POS","TAKEAWAY","134","BEVERAGES","Hot Beverages","Island Special-Hot","Mocha Espressione Hot-Med",1.00,1.00,210.000,210.00,0.00,210.00,10.50,220.50,0,
"MSFT Hyd","2025-07-02","POS","TAKEAWAY","342","BEVERAGES","ADDON","Choice of Milk","Regular - Milk -200g Default",3.00,3.00,0.000,0.00,0.00,0.00,0.00,0.00,0,
"MSFT Hyd","2025-07-02","POS","TAKEAWAY","151","BEVERAGES","ADDON","Choice of Milk","Oat Milk @50",2.00,2.00,50.000,100.00,0.00,100.00,5.00,105.00,0,
"MSFT Hyd","2025-07-02","POS","TAKEAWAY","177","FOOD","Main Course","Pizza","Chipotle Chicken Mozzarella Pide",1.00,1.00,253.000,253.00,0.00,253.00,12.65,265.65,0,
"MSFT Hyd","2025-07-02","POS","TAKEAWAY","173","FOOD","Main Course","Hand Made Sandwiches","Mushroom & Scrambled Egg White Broccomole Bagel",1.00,1.00,253.000,253.00,0.00,253.00,12.65,265.65,0,
"MSFT Hyd","2025-07-02","POS","TAKEAWAY","185","FOOD","Desserts","Desserts","Cold Brew Tiramisu",1.00,1.00,253.000,253.00,0.00,253.00,12.65,265.65,0,
"MSFT Hyd","2025-07-02","POS","TAKEAWAY","136","BEVERAGES","Hot Beverages","Island Special-Hot","Spanish Bombon (Small)",3.00,3.00,220.000,660.00,0.00,660.00,33.00,693.00,0,
"MSFT Hyd","2025-07-02","POS","TAKEAWAY","63","BEVERAGES","Cold Beverages","Proffees (Protein + Coffee)","Cookie & Cream Proffee (Protein + Coffee)",3.00,3.00,220.000,660.00,0.00,660.00,33.00,693.00,0,
"MSFT Hyd","2025-07-02","POS","TAKEAWAY","161","BEVERAGES","ADDON","Choice of Crema","Salted Caramel Crema @50",1.00,1.00,25.000,25.00,0.00,25.00,1.25,26.25,0,
"MSFT Hyd","2025-07-02","POS","TAKEAWAY","167","BEVERAGES","ADDON","Choice of Syrup","Salted Caramel Syrup @50",2.00,2.00,25.000,50.00,0.00,50.00,2.50,52.50,0,
"MSFT Hyd","2025-07-02","POS","TAKEAWAY","335","BEVERAGES","ADDON","Choice of Milk","Regular - Milk -120g Default",1.00,1.00,0.000,0.00,0.00,0.00,0.00,0.00,0,
"MSFT Hyd","2025-07-02","POS","TAKEAWAY","64","BEVERAGES","Cold Beverages","Proffees (Protein + Coffee)","Espresso Proffee (Protein + Coffee)",3.00,3.00,220.000,660.00,0.00,660.00,33.00,693.00,0,
"MSFT Hyd","2025-07-02","POS","TAKEAWAY","122","BEVERAGES","Hot Beverages","Hot Chocolate","Guilt-Free Hot Chocolate-Reg",1.00,1.00,170.000,170.00,0.00,170.00,8.50,178.50,0,
"MSFT Hyd","2025-07-02","POS","TAKEAWAY","190","FOOD","Desserts","Desserts","Pecan & Date Tea Cake",3.00,3.00,200.000,600.00,0.00,600.00,30.00,630.00,0,
"MSFT Hyd","2025-07-02","POS","TAKEAWAY","183","FOOD","Main Course","Wholesome Wrap","Sriracha Chicken & Avocado Wrap",1.00,1.00,253.000,253.00,0.00,253.00,12.65,265.65,0,
"MSFT Hyd","2025-07-02","POS","TAKEAWAY","338","BEVERAGES","ADDON","Choice of Milk","Regular - Milk -150g Default",2.00,2.00,0.000,0.00,0.00,0.00,0.00,0.00,0,
"MSFT Hyd","2025-07-02","POS","TAKEAWAY","125","BEVERAGES","Hot Beverages","Hot Chocolate","Hazelnut Indulgent Hot Chocolate-Med",1.00,1.00,190.000,190.00,0.00,190.00,9.50,199.50,0,
"MSFT Hyd","2025-07-02","POS","TAKEAWAY","184","FOOD","Main Course","Wholesome Wrap","Smoked Cottage Cheese Wrap",3.00,3.00,253.000,759.00,0.00,759.00,37.95,796.95,0,
"MSFT Hyd","2025-07-02","POS","TAKEAWAY","38","BEVERAGES","Cold Beverages","Iced Chocolate","Dreamy Hazelnut Iced Chocolate-Lrg",1.00,1.00,190.000,190.00,0.00,190.00,9.50,199.50,0,
"MSFT Hyd","2025-07-02","POS","TAKEAWAY","90","BEVERAGES","Hot Beverages","Hot Brews","Cortardo (Small)",1.00,1.00,160.000,160.00,0.00,160.00,8.00,168.00,0,
"MSFT Hyd","2025-07-02","POS","TAKEAWAY","18","BEVERAGES","Cold Beverages","Granita","Slushed Pineapple Mango Sunshine Granita-Lrg",1.00,1.00,190.000,190.00,0.00,190.00,9.50,199.50,0,
"MSFT Hyd","2025-07-02","POS","TAKEAWAY","99","BEVERAGES","Hot Beverages","Hot Brews","Americano-reg",2.00,2.00,140.000,280.00,0.00,280.00,14.00,294.00,0,
"MSFT Hyd","2025-07-02","POS","TAKEAWAY","92","BEVERAGES","Hot Beverages","Hot Brews","Espresso (Single)",2.00,2.00,130.000,260.00,0.00,260.00,13.00,273.00,0,
"MSFT Hyd","2025-07-02","POS","TAKEAWAY","189","FOOD","Desserts","Desserts","New York Cheesecake",5.00,5.00,253.000,1265.00,0.00,1265.00,63.25,1328.25,0,
"MSFT Hyd","2025-07-02","POS","TAKEAWAY","113","BEVERAGES","Hot Beverages","Hot Brews","Mocha Cappuccino-Med",1.00,1.00,200.000,200.00,0.00,200.00,10.00,210.00,0,
"MSFT Hyd","2025-07-02","POS","TAKEAWAY","212","FOOD","Quick Bites","Croissant Cookie & Muffin","French Butter Croissant",2.00,2.00,104.460,208.92,0.00,208.92,10.44,219.36,0,
"MSFT Hyd","2025-07-02","POS","TAKEAWAY","170","FOOD","Main Course","Hand Made Sandwiches","Roasted Tomato & Bocconcini Croissant",1.00,1.00,253.000,253.00,0.00,253.00,12.65,265.65,0,
"MSFT Hyd","2025-07-02","POS","TAKEAWAY","86","BEVERAGES","Hot Beverages","Alternative Brews","Island Pour Over",1.00,1.00,210.000,210.00,0.00,210.00,10.50,220.50,0,
"MSFT Hyd","2025-07-02","POS","TAKEAWAY","112","BEVERAGES","Hot Beverages","Hot Brews","Mocha Cappuccino-reg",10.00,10.00,180.000,1800.00,0.00,1800.00,90.00,1890.00,0,
"MSFT Hyd","2025-07-02","POS","TAKEAWAY","50","BEVERAGES","Cold Beverages","Island Special-Cold","Iced Vietneamese Shakerato",4.00,4.00,220.000,880.00,0.00,880.00,44.00,924.00,0,
"MSFT Hyd","2025-07-02","POS","TAKEAWAY","137","BEVERAGES","ADDON","Choice of Beans","Volcano Blend@0",1.00,1.00,0.000,0.00,0.00,0.00,0.00,0.00,0,
"MSFT Hyd","2025-07-02","POS","TAKEAWAY","339","BEVERAGES","ADDON","Choice of Milk","Regular - Milk -160g Default",10.00,10.00,0.000,0.00,0.00,0.00,0.00,0.00,0,
"MSFT Hyd","2025-07-02","POS","TAKEAWAY","150","BEVERAGES","ADDON","Choice of Milk","Almond Milk @50",2.00,2.00,50.000,100.00,0.00,100.00,5.00,105.00,0,
"MSFT Hyd","2025-07-02","POS","TAKEAWAY","214","FOOD","Quick Bites","Croissant Cookie & Muffin","Oats & Honey Delight Muffin",1.00,1.00,200.000,200.00,0.00,200.00,10.00,210.00,0,
"MSFT Hyd","2025-07-02","POS","TAKEAWAY","215","FOOD","Quick Bites","Croissant Cookie & Muffin","Rocky Road & Pecan Muffin",1.00,1.00,200.000,200.00,0.00,200.00,10.00,210.00,0,
"MSFT Hyd","2025-07-02","POS","TAKEAWAY","235","BEVERAGES","ADDON","Choice of Beans","Volcano Blend - (Default)",73.00,73.00,0.000,0.00,0.00,0.00,0.00,0.00,0,
"MSFT Hyd","2025-07-02","POS","TAKEAWAY","96","BEVERAGES","Hot Beverages","Hot Brews","Hot Latte Signature-Med",4.00,4.00,180.000,720.00,0.00,720.00,36.00,756.00,0,
"MSFT Hyd","2025-07-02","POS","TAKEAWAY","135","BEVERAGES","Hot Beverages","Island Special-Hot","Mocha Espressione Hot-reg",2.00,2.00,190.000,380.00,0.00,380.00,19.00,399.00,0,
"MSFT Hyd","2025-07-02","POS","TAKEAWAY","213","FOOD","Quick Bites","Croissant Cookie & Muffin","Sea Salt Caramel Brookie",1.00,1.00,147.340,147.34,0.00,147.34,7.37,154.71,0,
"MSFT Hyd","2025-07-02","POS","TAKEAWAY","124","BEVERAGES","Hot Beverages","Hot Chocolate","Hazelnut Indulgent Hot Chocolate-Reg",2.00,2.00,170.000,340.00,0.00,340.00,17.00,357.00,0,
"MSFT Hyd","2025-07-02","POS","TAKEAWAY","332","BEVERAGES","ADDON","Choice of Milk","Regular - Milk -90g Default",3.00,3.00,0.000,0.00,0.00,0.00,0.00,0.00,0,
"MSFT Hyd","2025-07-02","POS","TAKEAWAY","119","BEVERAGES","Hot Beverages","Hot Chocolate","Classic Strawberry Hot Chocolate-reg",1.00,1.00,170.000,170.00,0.00,170.00,8.50,178.50,0,
"MSFT Hyd","2025-07-02","POS","TAKEAWAY","188","FOOD","Desserts","Desserts","Cinnamon & Jaggery Tea Cake",4.00,4.00,147.340,589.36,0.00,589.36,29.48,618.84,0,
"MSFT Hyd","2025-07-02","POS","TAKEAWAY","144","BEVERAGES","ADDON","Choice of Beans","Ethiopia Blend 20g @0",1.00,1.00,0.000,0.00,0.00,0.00,0.00,0.00,0,
"MSFT Hyd","2025-07-02","POS","TAKEAWAY","196","FOOD","Desserts","Gelato","Belgian Chocolate Singal Scoop",13.00,13.00,99.000,1287.00,0.00,1287.00,64.35,1351.35,0,
"MSFT Hyd","2025-07-02","POS","TAKEAWAY","106","BEVERAGES","Hot Beverages","Hot Brews","Cappuccino-reg",9.00,9.00,160.000,1440.00,0.00,1440.00,72.00,1512.00,0,
"MSFT Hyd","2025-07-02","POS","TAKEAWAY","3","BEVERAGES","Cold Beverages","Cold Brews","Iced Latte Signature-Lrg",2.00,2.00,150.000,300.00,0.00,300.00,15.00,315.00,0,
"MSFT Hyd","2025-07-02","POS","TAKEAWAY","237","BEVERAGES","ADDON","Choice of Crema","Salted Caramel Crema - 0  (Default)",7.00,7.00,0.000,0.00,0.00,0.00,0.00,0.00,0,
"MSFT Hyd","2025-07-02","POS","TAKEAWAY","336","BEVERAGES","ADDON","Choice of Milk","Regular - Milk -130g Default",18.00,18.00,0.000,0.00,0.00,0.00,0.00,0.00,0,
"MSFT Hyd","2025-07-02","POS","TAKEAWAY","138","BEVERAGES","ADDON","Choice of Beans","Master Blend @0",1.00,1.00,0.000,0.00,0.00,0.00,0.00,0.00,0,
"MSFT Hyd","2025-07-02","POS","TAKEAWAY","186","FOOD","Desserts","Desserts","Belgian Chocolate Fudge Brownie",12.00,12.00,104.422,1253.06,0.00,1253.06,62.62,1315.68,0,
"MSFT Hyd","2025-07-02","POS","TAKEAWAY","105","BEVERAGES","Hot Beverages","Hot Brews","Cappuccino-Med",5.00,5.00,180.000,900.00,0.00,900.00,45.00,945.00,0,
"MSFT Hyd","2025-07-03","POS","DINE IN","354","NA","Cold Beverages","Food Sampling for Microsoft/Compass","Master Blend",1.00,1.00,0.000,0.00,0.00,0.00,0.00,0.00,0,
"MSFT Hyd","2025-07-03","POS","DINE IN","356","NA","Cold Beverages","Food Sampling for Microsoft/Compass","Regular Milk @160ML",1.00,1.00,0.000,0.00,0.00,0.00,0.00,0.00,0,
"MSFT Hyd","2025-07-03","POS","DINE IN","353","EMP MEAL","Emp Meal","Emp Meal","Emp Meal",4.00,4.00,0.000,0.00,0.00,0.00,0.00,0.00,0,
"MSFT Hyd","2025-07-03","POS","DINE IN","355","NA","Cold Beverages","Food Sampling for Microsoft/Compass","Volcano Blend@54g",1.00,1.00,0.000,0.00,0.00,0.00,0.00,0.00,0,
"MSFT Hyd","2025-07-03","POS","TAKEAWAY","102","BEVERAGES","Hot Beverages","Hot Brews","Coffeeccino-Med",2.00,2.00,190.000,380.00,0.00,380.00,19.00,399.00,0,
"MSFT Hyd","2025-07-03","POS","TAKEAWAY","94","BEVERAGES","Hot Beverages","Hot Brews","Flat White",1.00,1.00,170.000,170.00,0.00,170.00,8.50,178.50,0,
"MSFT Hyd","2025-07-03","POS","TAKEAWAY","339","BEVERAGES","ADDON","Choice of Milk","Regular - Milk -160g Default",13.00,13.00,0.000,0.00,0.00,0.00,0.00,0.00,0,
"MSFT Hyd","2025-07-03","POS","TAKEAWAY","99","BEVERAGES","Hot Beverages","Hot Brews","Americano-reg",3.00,3.00,140.000,420.00,0.00,420.00,21.00,441.00,0,
"MSFT Hyd","2025-07-03","POS","TAKEAWAY","184","FOOD","Main Course","Wholesome Wrap","Smoked Cottage Cheese Wrap",3.00,3.00,253.000,759.00,0.00,759.00,37.95,796.95,0,
"MSFT Hyd","2025-07-03","POS","TAKEAWAY","125","BEVERAGES","Hot Beverages","Hot Chocolate","Hazelnut Indulgent Hot Chocolate-Med",2.00,2.00,190.000,380.00,0.00,380.00,19.00,399.00,0,
"MSFT Hyd","2025-07-03","POS","TAKEAWAY","134","BEVERAGES","Hot Beverages","Island Special-Hot","Mocha Espressione Hot-Med",1.00,1.00,210.000,210.00,0.00,210.00,10.50,220.50,0,
"MSFT Hyd","2025-07-03","POS","TAKEAWAY","337","BEVERAGES","ADDON","Choice of Milk","Regular - Milk -140g Default",1.00,1.00,0.000,0.00,0.00,0.00,0.00,0.00,0,
"MSFT Hyd","2025-07-03","POS","TAKEAWAY","151","BEVERAGES","ADDON","Choice of Milk","Oat Milk @50",1.00,1.00,50.000,50.00,0.00,50.00,2.50,52.50,0,
"MSFT Hyd","2025-07-03","POS","TAKEAWAY","332","BEVERAGES","ADDON","Choice of Milk","Regular - Milk -90g Default",3.00,3.00,0.000,0.00,0.00,0.00,0.00,0.00,0,
"MSFT Hyd","2025-07-03","POS","TAKEAWAY","340","BEVERAGES","ADDON","Choice of Milk","Regular - Milk -170g Default",17.00,17.00,0.000,0.00,0.00,0.00,0.00,0.00,0,
"MSFT Hyd","2025-07-03","POS","TAKEAWAY","3","BEVERAGES","Cold Beverages","Cold Brews","Iced Latte Signature-Lrg",6.00,6.00,150.000,900.00,0.00,900.00,45.00,945.00,0,
"MSFT Hyd","2025-07-03","POS","TAKEAWAY","140","BEVERAGES","ADDON","Choice of Beans","Ethiopia Blend @25",1.00,1.00,25.000,25.00,0.00,25.00,1.25,26.25,0,
"MSFT Hyd","2025-07-03","POS","TAKEAWAY","342","BEVERAGES","ADDON","Choice of Milk","Regular - Milk -200g Default",8.00,8.00,0.000,0.00,0.00,0.00,0.00,0.00,0,
"MSFT Hyd","2025-07-03","POS","TAKEAWAY","215","FOOD","Quick Bites","Croissant Cookie & Muffin","Rocky Road & Pecan Muffin",3.00,3.00,200.000,600.00,0.00,600.00,30.00,630.00,0,
"MSFT Hyd","2025-07-03","POS","TAKEAWAY","124","BEVERAGES","Hot Beverages","Hot Chocolate","Hazelnut Indulgent Hot Chocolate-Reg",3.00,3.00,170.000,510.00,0.00,510.00,25.50,535.50,0,
"MSFT Hyd","2025-07-03","POS","TAKEAWAY","49","BEVERAGES","Cold Beverages","Island Special-Cold","Freddo Cappuccino-Med",1.00,1.00,170.000,170.00,0.00,170.00,8.50,178.50,0,
"MSFT Hyd","2025-07-03","POS","TAKEAWAY","216","FOOD","Quick Bites","Croissant Cookie & Muffin","White Chocolate & Pistachio Flat Croissant",3.00,3.00,147.340,442.02,0.00,442.02,22.11,464.13,0,
"MSFT Hyd","2025-07-03","POS","TAKEAWAY","212","FOOD","Quick Bites","Croissant Cookie & Muffin","French Butter Croissant",1.00,1.00,104.460,104.46,0.00,104.46,5.22,109.68,0,
"MSFT Hyd","2025-07-03","POS","TAKEAWAY","116","BEVERAGES","Hot Beverages","Hot Chocolate","Signature Belgian Dark Hot Chocolate-Med",10.00,10.00,190.000,1900.00,0.00,1900.00,95.00,1995.00,0,
"MSFT Hyd","2025-07-03","POS","TAKEAWAY","186","FOOD","Desserts","Desserts","Belgian Chocolate Fudge Brownie",17.00,17.00,104.459,1775.80,0.00,1775.80,88.76,1864.56,0,
"MSFT Hyd","2025-07-03","POS","TAKEAWAY","219","FOOD","Quick Bites","Puff & Toastie","Peri Peri Cheese Toastie",2.00,2.00,200.000,400.00,0.00,400.00,20.00,420.00,0,
"MSFT Hyd","2025-07-03","POS","TAKEAWAY","336","BEVERAGES","ADDON","Choice of Milk","Regular - Milk -130g Default",17.00,17.00,0.000,0.00,0.00,0.00,0.00,0.00,0,
"MSFT Hyd","2025-07-03","POS","TAKEAWAY","4","BEVERAGES","Cold Beverages","Cold Brews","Fizzy Espressione (Tonic Water)",1.00,1.00,210.000,210.00,0.00,210.00,10.50,220.50,0,
"MSFT Hyd","2025-07-03","POS","TAKEAWAY","174","FOOD","Main Course","Hand Made Sandwiches","Garlic Mushroom & Caramelized Onion Melt",4.00,4.00,253.000,1012.00,0.00,1012.00,50.60,1062.60,0,
"MSFT Hyd","2025-07-03","POS","TAKEAWAY","237","BEVERAGES","ADDON","Choice of Crema","Salted Caramel Crema - 0  (Default)",5.00,5.00,0.000,0.00,0.00,0.00,0.00,0.00,0,
"MSFT Hyd","2025-07-03","POS","TAKEAWAY","115","BEVERAGES","Hot Beverages","Hot Chocolate","Signature Belgian Dark Hot Chocolate-reg",5.00,5.00,170.000,850.00,0.00,850.00,42.50,892.50,0,
"MSFT Hyd","2025-07-03","POS","TAKEAWAY","61","BEVERAGES","Cold Beverages","Overnight Brew","Overnite Espresso Vietnamese Brew",1.00,1.00,220.000,220.00,0.00,220.00,11.00,231.00,0,
"MSFT Hyd","2025-07-03","POS","TAKEAWAY","189","FOOD","Desserts","Desserts","New York Cheesecake",2.00,2.00,253.000,506.00,0.00,506.00,25.30,531.30,0,
"MSFT Hyd","2025-07-03","POS","TAKEAWAY","65","BEVERAGES","Cold Beverages","Proffees (Protein + Coffee)","Caremel Proffee (Protein + Coffee)",1.00,1.00,220.000,220.00,0.00,220.00,11.00,231.00,0,
"MSFT Hyd","2025-07-03","POS","TAKEAWAY","118","BEVERAGES","Hot Beverages","Hot Chocolate","Classic Strawberry Hot Chocolate-Med",1.00,1.00,190.000,190.00,0.00,190.00,9.50,199.50,0,
"MSFT Hyd","2025-07-03","POS","TAKEAWAY","188","FOOD","Desserts","Desserts","Cinnamon & Jaggery Tea Cake",2.00,2.00,147.340,294.68,0.00,294.68,14.74,309.42,0,
"MSFT Hyd","2025-07-03","POS","TAKEAWAY","60","BEVERAGES","Cold Beverages","Overnight Brew","Overnite Espresso Gingerale Brew",1.00,1.00,220.000,220.00,0.00,220.00,11.00,231.00,0,
"MSFT Hyd","2025-07-03","POS","TAKEAWAY","167","BEVERAGES","ADDON","Choice of Syrup","Salted Caramel Syrup @50",2.00,2.00,25.000,50.00,0.00,50.00,2.50,52.50,0,
"MSFT Hyd","2025-07-03","POS","TAKEAWAY","234","BEVERAGES","ADDON","Choice of Beans","Master Blend - (Default)",7.00,7.00,0.000,0.00,0.00,0.00,0.00,0.00,0,
"MSFT Hyd","2025-07-03","POS","TAKEAWAY","11","BEVERAGES","Cold Beverages","Cold Brews","Islander Cold Coffee-Med",11.00,11.00,180.000,1980.00,0.00,1980.00,99.00,2079.00,0,
"MSFT Hyd","2025-07-03","POS","TAKEAWAY","210","FOOD","Quick Bites","Croissant Cookie & Muffin","Parker House Cream Pie Croissant",1.00,1.00,147.340,147.34,0.00,147.34,7.37,154.71,0,
"MSFT Hyd","2025-07-03","POS","TAKEAWAY","165","BEVERAGES","ADDON","Choice of Syrup","Irish Syrup @50",1.00,1.00,25.000,25.00,0.00,25.00,1.25,26.25,0,
"MSFT Hyd","2025-07-03","POS","TAKEAWAY","32","BEVERAGES","Cold Beverages","Iced Chocolate","Guilt-Free Iced Chocolate-Lrg",2.00,2.00,190.000,380.00,0.00,380.00,19.00,399.00,0,
"MSFT Hyd","2025-07-03","POS","TAKEAWAY","70","BEVERAGES","Cold Beverages","Refresh","Iced Classic Lemon Tea-Med",1.00,1.00,130.000,130.00,0.00,130.00,6.50,136.50,0,
"MSFT Hyd","2025-07-03","POS","TAKEAWAY","39","BEVERAGES","Cold Beverages","Iced Chocolate","Dreamy Hazelnut Iced Chocolate-Med",3.00,3.00,170.000,510.00,0.00,510.00,25.50,535.50,0,
"MSFT Hyd","2025-07-03","POS","TAKEAWAY","139","BEVERAGES","ADDON","Choice of Beans","Kenya Blend @25",2.00,2.00,25.000,50.00,0.00,50.00,2.50,52.50,0,
"MSFT Hyd","2025-07-03","POS","TAKEAWAY","109","BEVERAGES","Hot Beverages","Hot Brews","Lungo Reg",1.00,1.00,170.000,170.00,0.00,170.00,8.50,178.50,0,
"MSFT Hyd","2025-07-03","POS","TAKEAWAY","56","BEVERAGES","Cold Beverages","Milk Shake","Berry Burst Paradise Milkshake-Med",1.00,1.00,190.000,190.00,0.00,190.00,9.50,199.50,0,
"MSFT Hyd","2025-07-03","POS","TAKEAWAY","97","BEVERAGES","Hot Beverages","Hot Brews","Hot Latte Signature-reg",7.00,7.00,160.000,1120.00,0.00,1120.00,56.00,1176.00,0,
"MSFT Hyd","2025-07-03","POS","TAKEAWAY","338","BEVERAGES","ADDON","Choice of Milk","Regular - Milk -150g Default",5.00,5.00,0.000,0.00,0.00,0.00,0.00,0.00,0,
"MSFT Hyd","2025-07-03","POS","TAKEAWAY","106","BEVERAGES","Hot Beverages","Hot Brews","Cappuccino-reg",5.00,5.00,160.000,800.00,0.00,800.00,40.00,840.00,0,
"MSFT Hyd","2025-07-03","POS","TAKEAWAY","45","BEVERAGES","Cold Beverages","Island Special-Cold","Mocha Espressione Cold-Med",1.00,1.00,190.000,190.00,0.00,190.00,9.50,199.50,0,
"MSFT Hyd","2025-07-03","POS","TAKEAWAY","213","FOOD","Quick Bites","Croissant Cookie & Muffin","Sea Salt Caramel Brookie",4.00,4.00,147.340,589.36,0.00,589.36,29.48,618.84,0,
"MSFT Hyd","2025-07-03","POS","TAKEAWAY","50","BEVERAGES","Cold Beverages","Island Special-Cold","Iced Vietneamese Shakerato",9.00,9.00,220.000,1980.00,0.00,1980.00,99.00,2079.00,0,
"MSFT Hyd","2025-07-03","POS","TAKEAWAY","67","BEVERAGES","Cold Beverages","Refresh","Bobastic Raw Mango Refresh Tea-Med",1.00,1.00,190.000,190.00,0.00,190.00,9.50,199.50,0,
"MSFT Hyd","2025-07-03","POS","TAKEAWAY","35","BEVERAGES","Cold Beverages","Iced Chocolate","Classic Strawberry Iced Chocolate-Lrg",1.00,1.00,190.000,190.00,0.00,190.00,9.50,199.50,0,
"MSFT Hyd","2025-07-03","POS","TAKEAWAY","122","BEVERAGES","Hot Beverages","Hot Chocolate","Guilt-Free Hot Chocolate-Reg",1.00,1.00,170.000,170.00,0.00,170.00,8.50,178.50,0,
"MSFT Hyd","2025-07-03","POS","TAKEAWAY","135","BEVERAGES","Hot Beverages","Island Special-Hot","Mocha Espressione Hot-reg",1.00,1.00,190.000,190.00,0.00,190.00,9.50,199.50,0,
"MSFT Hyd","2025-07-03","POS","TAKEAWAY","344","BEVERAGES","ADDON","Choice of Milk","Regular - Milk -220g Default",18.00,18.00,0.000,0.00,0.00,0.00,0.00,0.00,0,
"MSFT Hyd","2025-07-03","POS","TAKEAWAY","7","BEVERAGES","Cold Beverages","Cold Brews","Bobastic Coffeeccino-Lrg",2.00,2.00,210.000,420.00,0.00,420.00,21.00,441.00,0,
"MSFT Hyd","2025-07-03","POS","TAKEAWAY","78","BEVERAGES","Cold Beverages","Refresh","Bobastic Peach Paradise Refresh Tea-Med",1.00,1.00,190.000,190.00,0.00,190.00,9.50,199.50,0,
"MSFT Hyd","2025-07-03","POS","TAKEAWAY","38","BEVERAGES","Cold Beverages","Iced Chocolate","Dreamy Hazelnut Iced Chocolate-Lrg",3.00,3.00,190.000,570.00,0.00,570.00,28.50,598.50,0,
"MSFT Hyd","2025-07-03","POS","TAKEAWAY","12","BEVERAGES","Cold Beverages","Cold Brews","Fizzy Espressione (Gingerale)",1.00,1.00,210.000,210.00,0.00,210.00,10.50,220.50,0,
"MSFT Hyd","2025-07-03","POS","TAKEAWAY","190","FOOD","Desserts","Desserts","Pecan & Date Tea Cake",1.00,1.00,200.000,200.00,0.00,200.00,10.00,210.00,0,
"MSFT Hyd","2025-07-03","POS","TAKEAWAY","177","FOOD","Main Course","Pizza","Chipotle Chicken Mozzarella Pide",1.00,1.00,253.000,253.00,0.00,253.00,12.65,265.65,0,
"MSFT Hyd","2025-07-03","POS","TAKEAWAY","235","BEVERAGES","ADDON","Choice of Beans","Volcano Blend - (Default)",87.00,87.00,0.000,0.00,0.00,0.00,0.00,0.00,0,
"MSFT Hyd","2025-07-03","POS","TAKEAWAY","64","BEVERAGES","Cold Beverages","Proffees (Protein + Coffee)","Espresso Proffee (Protein + Coffee)",1.00,1.00,220.000,220.00,0.00,220.00,11.00,231.00,0,
"MSFT Hyd","2025-07-03","POS","TAKEAWAY","105","BEVERAGES","Hot Beverages","Hot Brews","Cappuccino-Med",10.00,10.00,180.000,1800.00,0.00,1800.00,90.00,1890.00,0,
"MSFT Hyd","2025-07-03","POS","TAKEAWAY","211","FOOD","Quick Bites","Croissant Cookie & Muffin","Double Choco Chunk Cookie",5.00,5.00,104.458,522.29,0.00,522.29,26.11,548.40,0,
"MSFT Hyd","2025-07-03","POS","TAKEAWAY","30","BEVERAGES","Cold Beverages","Iced Chocolate","Classic Iced Chocolate-Med",1.00,1.00,170.000,170.00,0.00,170.00,8.50,178.50,0,
"MSFT Hyd","2025-07-03","POS","TAKEAWAY","113","BEVERAGES","Hot Beverages","Hot Brews","Mocha Cappuccino-Med",2.00,2.00,200.000,400.00,0.00,400.00,20.00,420.00,0,
"MSFT Hyd","2025-07-03","POS","TAKEAWAY","137","BEVERAGES","ADDON","Choice of Beans","Volcano Blend@0",1.00,1.00,0.000,0.00,0.00,0.00,0.00,0.00,0,
"MSFT Hyd","2025-07-03","POS","TAKEAWAY","119","BEVERAGES","Hot Beverages","Hot Chocolate","Classic Strawberry Hot Chocolate-reg",1.00,1.00,170.000,170.00,0.00,170.00,8.50,178.50,0,
"MSFT Hyd","2025-07-03","POS","TAKEAWAY","63","BEVERAGES","Cold Beverages","Proffees (Protein + Coffee)","Cookie & Cream Proffee (Protein + Coffee)",1.00,1.00,220.000,220.00,0.00,220.00,11.00,231.00,0,
"MSFT Hyd","2025-07-03","POS","TAKEAWAY","100","BEVERAGES","Hot Beverages","Hot Brews","Americano-Med",2.00,2.00,160.000,320.00,0.00,320.00,16.00,336.00,0,
"MSFT Hyd","2025-07-03","POS","TAKEAWAY","112","BEVERAGES","Hot Beverages","Hot Brews","Mocha Cappuccino-reg",11.00,11.00,180.000,1980.00,0.00,1980.00,99.00,2079.00,0,
"MSFT Hyd","2025-07-03","POS","TAKEAWAY","183","FOOD","Main Course","Wholesome Wrap","Sriracha Chicken & Avocado Wrap",1.00,1.00,253.000,253.00,0.00,253.00,12.65,265.65,0,
"MSFT Hyd","2025-07-03","POS","TAKEAWAY","173","FOOD","Main Course","Hand Made Sandwiches","Mushroom & Scrambled Egg White Broccomole Bagel",1.00,1.00,253.000,253.00,0.00,253.00,12.65,265.65,0,
"MSFT Hyd","2025-07-03","POS","TAKEAWAY","150","BEVERAGES","ADDON","Choice of Milk","Almond Milk @50",1.00,1.00,50.000,50.00,0.00,50.00,2.50,52.50,0,
"MSFT Hyd","2025-07-03","POS","TAKEAWAY","333","BEVERAGES","ADDON","Choice of Milk","Regular - Milk -100g Default",1.00,1.00,0.000,0.00,0.00,0.00,0.00,0.00,0,
"MSFT Hyd","2025-07-03","POS","TAKEAWAY","170","FOOD","Main Course","Hand Made Sandwiches","Roasted Tomato & Bocconcini Croissant",2.00,2.00,253.000,506.00,0.00,506.00,25.30,531.30,0,
"MSFT Hyd","2025-07-03","POS","TAKEAWAY","209","FOOD","Desserts","Gelato","Dark Chocolate SSC Single Scoop",5.00,5.00,99.000,495.00,0.00,495.00,24.75,519.75,0,
"MSFT Hyd","2025-07-03","POS","TAKEAWAY","341","BEVERAGES","ADDON","Choice of Milk","Regular - Milk -180g Default",4.00,4.00,0.000,0.00,0.00,0.00,0.00,0.00,0,
"MSFT Hyd","2025-07-03","POS","TAKEAWAY","200","FOOD","Desserts","Gelato","Mango Sorbet Singal Scoop",2.00,2.00,99.000,198.00,0.00,198.00,9.90,207.90,0,
"MSFT Hyd","2025-07-03","POS","TAKEAWAY","33","BEVERAGES","Cold Beverages","Iced Chocolate","Guilt-Free Iced Chocolate-Med",1.00,1.00,170.000,170.00,0.00,170.00,8.50,178.50,0,
"MSFT Hyd","2025-07-03","POS","TAKEAWAY","166","BEVERAGES","ADDON","Choice of Syrup","Hazelnut Syrup @50",1.00,1.00,25.000,25.00,0.00,25.00,1.25,26.25,0,
"MSFT Hyd","2025-07-03","POS","TAKEAWAY","2","BEVERAGES","Cold Beverages","Cold Brews","Iced Latte Signature-Med",5.00,5.00,130.000,650.00,0.00,650.00,32.50,682.50,0,
"MSFT Hyd","2025-07-03","POS","TAKEAWAY","335","BEVERAGES","ADDON","Choice of Milk","Regular - Milk -120g Default",2.00,2.00,0.000,0.00,0.00,0.00,0.00,0.00,0,
"MSFT Hyd","2025-07-03","POS","TAKEAWAY","6","BEVERAGES","Cold Beverages","Cold Brews","Bobastic Coffeeccino-Med",3.00,3.00,190.000,570.00,0.00,570.00,28.50,598.50,0,
"MSFT Hyd","2025-07-03","POS","TAKEAWAY","10","BEVERAGES","Cold Beverages","Cold Brews","Islander Cold Coffee-Lrg",19.00,19.00,190.000,3610.00,0.00,3610.00,180.50,3790.50,0,
"MSFT Hyd","2025-07-03","POS","TAKEAWAY","196","FOOD","Desserts","Gelato","Belgian Chocolate Singal Scoop",5.00,5.00,99.000,495.00,0.00,495.00,24.75,519.75,0,
"MSFT Hyd","2025-07-03","POS","TAKEAWAY","217","FOOD","Quick Bites","Puff & Toastie","Korean Garlic Mushroom Puff",1.00,1.00,104.460,104.46,0.00,104.46,5.22,109.68,0,
"MSFT Hyd","2025-07-04","POS","DINE IN","356","NA","Cold Beverages","Food Sampling for Microsoft/Compass","Regular Milk @160ML",1.00,1.00,0.000,0.00,0.00,0.00,0.00,0.00,0,
"MSFT Hyd","2025-07-04","POS","DINE IN","354","NA","Cold Beverages","Food Sampling for Microsoft/Compass","Master Blend",1.00,1.00,0.000,0.00,0.00,0.00,0.00,0.00,0,
"MSFT Hyd","2025-07-04","POS","DINE IN","355","NA","Cold Beverages","Food Sampling for Microsoft/Compass","Volcano Blend@54g",1.00,1.00,0.000,0.00,0.00,0.00,0.00,0.00,0,
"MSFT Hyd","2025-07-04","POS","TAKEAWAY","64","BEVERAGES","Cold Beverages","Proffees (Protein + Coffee)","Espresso Proffee (Protein + Coffee)",3.00,3.00,220.000,660.00,0.00,660.00,33.00,693.00,0,
"MSFT Hyd","2025-07-04","POS","TAKEAWAY","173","FOOD","Main Course","Hand Made Sandwiches","Mushroom & Scrambled Egg White Broccomole Bagel",1.00,1.00,253.000,253.00,0.00,253.00,12.65,265.65,0,
"MSFT Hyd","2025-07-04","POS","TAKEAWAY","186","FOOD","Desserts","Desserts","Belgian Chocolate Fudge Brownie",12.00,12.00,104.457,1253.49,0.00,1253.49,62.67,1316.16,0,
"MSFT Hyd","2025-07-04","POS","TAKEAWAY","35","BEVERAGES","Cold Beverages","Iced Chocolate","Classic Strawberry Iced Chocolate-Lrg",2.00,2.00,190.000,380.00,0.00,380.00,19.00,399.00,0,
"MSFT Hyd","2025-07-04","POS","TAKEAWAY","336","BEVERAGES","ADDON","Choice of Milk","Regular - Milk -130g Default",23.00,23.00,0.000,0.00,0.00,0.00,0.00,0.00,0,
"MSFT Hyd","2025-07-04","POS","TAKEAWAY","10","BEVERAGES","Cold Beverages","Cold Brews","Islander Cold Coffee-Lrg",64.00,64.00,190.000,12160.00,0.00,12160.00,608.00,12768.00,0,
"MSFT Hyd","2025-07-04","POS","TAKEAWAY","150","BEVERAGES","ADDON","Choice of Milk","Almond Milk @50",2.00,2.00,50.000,100.00,0.00,100.00,5.00,105.00,0,
"MSFT Hyd","2025-07-04","POS","TAKEAWAY","105","BEVERAGES","Hot Beverages","Hot Brews","Cappuccino-Med",6.00,6.00,180.000,1080.00,0.00,1080.00,54.00,1134.00,0,
"MSFT Hyd","2025-07-04","POS","TAKEAWAY","39","BEVERAGES","Cold Beverages","Iced Chocolate","Dreamy Hazelnut Iced Chocolate-Med",1.00,1.00,170.000,170.00,0.00,170.00,8.50,178.50,0,
"MSFT Hyd","2025-07-04","POS","TAKEAWAY","38","BEVERAGES","Cold Beverages","Iced Chocolate","Dreamy Hazelnut Iced Chocolate-Lrg",5.00,5.00,190.000,950.00,0.00,950.00,47.50,997.50,0,
"MSFT Hyd","2025-07-04","POS","TAKEAWAY","49","BEVERAGES","Cold Beverages","Island Special-Cold","Freddo Cappuccino-Med",3.00,3.00,170.000,510.00,0.00,510.00,25.50,535.50,0,
"MSFT Hyd","2025-07-04","POS","TAKEAWAY","167","BEVERAGES","ADDON","Choice of Syrup","Salted Caramel Syrup @50",1.00,1.00,25.000,25.00,0.00,25.00,1.25,26.25,0,
"MSFT Hyd","2025-07-04","POS","TAKEAWAY","96","BEVERAGES","Hot Beverages","Hot Brews","Hot Latte Signature-Med",5.00,5.00,180.000,900.00,0.00,900.00,45.00,945.00,0,
"MSFT Hyd","2025-07-04","POS","TAKEAWAY","6","BEVERAGES","Cold Beverages","Cold Brews","Bobastic Coffeeccino-Med",6.00,6.00,190.000,1140.00,0.00,1140.00,57.00,1197.00,0,
"MSFT Hyd","2025-07-04","POS","TAKEAWAY","184","FOOD","Main Course","Wholesome Wrap","Smoked Cottage Cheese Wrap",2.00,2.00,253.000,506.00,0.00,506.00,25.30,531.30,0,
"MSFT Hyd","2025-07-04","POS","TAKEAWAY","334","BEVERAGES","ADDON","Choice of Milk","Regular - Milk -110g Default",2.00,2.00,0.000,0.00,0.00,0.00,0.00,0.00,0,
"MSFT Hyd","2025-07-04","POS","TAKEAWAY","11","BEVERAGES","Cold Beverages","Cold Brews","Islander Cold Coffee-Med",10.00,10.00,180.000,1800.00,0.00,1800.00,90.00,1890.00,0,
"MSFT Hyd","2025-07-04","POS","TAKEAWAY","220","FOOD","Quick Bites","Puff & Toastie","Herb Chicken Open Puff",1.00,1.00,147.340,147.34,0.00,147.34,7.37,154.71,0,
"MSFT Hyd","2025-07-04","POS","TAKEAWAY","63","BEVERAGES","Cold Beverages","Proffees (Protein + Coffee)","Cookie & Cream Proffee (Protein + Coffee)",7.00,7.00,220.000,1540.00,0.00,1540.00,77.00,1617.00,0,
"MSFT Hyd","2025-07-04","POS","TAKEAWAY","125","BEVERAGES","Hot Beverages","Hot Chocolate","Hazelnut Indulgent Hot Chocolate-Med",4.00,4.00,190.000,760.00,0.00,760.00,38.00,798.00,0,
"MSFT Hyd","2025-07-04","POS","TAKEAWAY","48","BEVERAGES","Cold Beverages","Island Special-Cold","Freddo Cappuccino-Lrg",1.00,1.00,190.000,190.00,0.00,190.00,9.50,199.50,0,
"MSFT Hyd","2025-07-04","POS","TAKEAWAY","121","BEVERAGES","Hot Beverages","Hot Chocolate","Guilt-Free Hot Chocolate-Med",1.00,1.00,190.000,190.00,0.00,190.00,9.50,199.50,0,
"MSFT Hyd","2025-07-04","POS","TAKEAWAY","196","FOOD","Desserts","Gelato","Belgian Chocolate Singal Scoop",3.00,3.00,99.000,297.00,0.00,297.00,14.85,311.85,0,
"MSFT Hyd","2025-07-04","POS","TAKEAWAY","32","BEVERAGES","Cold Beverages","Iced Chocolate","Guilt-Free Iced Chocolate-Lrg",4.00,4.00,190.000,760.00,0.00,760.00,38.00,798.00,0,
"MSFT Hyd","2025-07-04","POS","TAKEAWAY","210","FOOD","Quick Bites","Croissant Cookie & Muffin","Parker House Cream Pie Croissant",5.00,5.00,147.340,736.70,0.00,736.70,36.85,773.55,0,
"MSFT Hyd","2025-07-04","POS","TAKEAWAY","97","BEVERAGES","Hot Beverages","Hot Brews","Hot Latte Signature-reg",4.00,4.00,160.000,640.00,0.00,640.00,32.00,672.00,0,
"MSFT Hyd","2025-07-04","POS","TAKEAWAY","116","BEVERAGES","Hot Beverages","Hot Chocolate","Signature Belgian Dark Hot Chocolate-Med",6.00,6.00,190.000,1140.00,0.00,1140.00,57.00,1197.00,0,
"MSFT Hyd","2025-07-04","POS","TAKEAWAY","183","FOOD","Main Course","Wholesome Wrap","Sriracha Chicken & Avocado Wrap",1.00,1.00,253.000,253.00,0.00,253.00,12.65,265.65,0,
"MSFT Hyd","2025-07-04","POS","TAKEAWAY","213","FOOD","Quick Bites","Croissant Cookie & Muffin","Sea Salt Caramel Brookie",5.00,5.00,147.340,736.70,0.00,736.70,36.85,773.55,0,
"MSFT Hyd","2025-07-04","POS","TAKEAWAY","90","BEVERAGES","Hot Beverages","Hot Brews","Cortardo (Small)",1.00,1.00,160.000,160.00,0.00,160.00,8.00,168.00,0,
"MSFT Hyd","2025-07-04","POS","TAKEAWAY","340","BEVERAGES","ADDON","Choice of Milk","Regular - Milk -170g Default",11.00,11.00,0.000,0.00,0.00,0.00,0.00,0.00,0,
"MSFT Hyd","2025-07-04","POS","TAKEAWAY","200","FOOD","Desserts","Gelato","Mango Sorbet Singal Scoop",7.00,7.00,99.000,693.00,0.00,693.00,34.65,727.65,0,
"MSFT Hyd","2025-07-04","POS","TAKEAWAY","151","BEVERAGES","ADDON","Choice of Milk","Oat Milk @50",3.00,3.00,50.000,150.00,0.00,150.00,7.50,157.50,0,
"MSFT Hyd","2025-07-04","POS","TAKEAWAY","60","BEVERAGES","Cold Beverages","Overnight Brew","Overnite Espresso Gingerale Brew",1.00,1.00,220.000,220.00,0.00,220.00,11.00,231.00,0,
"MSFT Hyd","2025-07-04","POS","TAKEAWAY","188","FOOD","Desserts","Desserts","Cinnamon & Jaggery Tea Cake",2.00,2.00,147.340,294.68,0.00,294.68,14.74,309.42,0,
"MSFT Hyd","2025-07-04","POS","TAKEAWAY","343","BEVERAGES","ADDON","Choice of Milk","Regular - Milk -210g Default",1.00,1.00,0.000,0.00,0.00,0.00,0.00,0.00,0,
"MSFT Hyd","2025-07-04","POS","TAKEAWAY","237","BEVERAGES","ADDON","Choice of Crema","Salted Caramel Crema - 0  (Default)",13.00,13.00,0.000,0.00,0.00,0.00,0.00,0.00,0,
"MSFT Hyd","2025-07-04","POS","TAKEAWAY","209","FOOD","Desserts","Gelato","Dark Chocolate SSC Single Scoop",3.00,3.00,99.000,297.00,0.00,297.00,14.85,311.85,0,
"MSFT Hyd","2025-07-04","POS","TAKEAWAY","56","BEVERAGES","Cold Beverages","Milk Shake","Berry Burst Paradise Milkshake-Med",1.00,1.00,190.000,190.00,0.00,190.00,9.50,199.50,0,
"MSFT Hyd","2025-07-04","POS","TAKEAWAY","8","BEVERAGES","Cold Beverages","Cold Brews","Gelato Affagato",2.00,2.00,210.000,420.00,0.00,420.00,21.00,441.00,0,
"MSFT Hyd","2025-07-04","POS","TAKEAWAY","52","BEVERAGES","Cold Beverages","Milk Shake","Double Chocolate Indulgent Milkshake-Med",2.00,2.00,190.000,380.00,0.00,380.00,19.00,399.00,0,
"MSFT Hyd","2025-07-04","POS","TAKEAWAY","99","BEVERAGES","Hot Beverages","Hot Brews","Americano-reg",1.00,1.00,140.000,140.00,0.00,140.00,7.00,147.00,0,
"MSFT Hyd","2025-07-04","POS","TAKEAWAY","215","FOOD","Quick Bites","Croissant Cookie & Muffin","Rocky Road & Pecan Muffin",1.00,1.00,200.000,200.00,0.00,200.00,10.00,210.00,0,
"MSFT Hyd","2025-07-04","POS","TAKEAWAY","30","BEVERAGES","Cold Beverages","Iced Chocolate","Classic Iced Chocolate-Med",1.00,1.00,170.000,170.00,0.00,170.00,8.50,178.50,0,
"MSFT Hyd","2025-07-04","POS","TAKEAWAY","235","BEVERAGES","ADDON","Choice of Beans","Volcano Blend - (Default)",138.00,138.00,0.000,0.00,0.00,0.00,0.00,0.00,0,
"MSFT Hyd","2025-07-04","POS","TAKEAWAY","136","BEVERAGES","Hot Beverages","Island Special-Hot","Spanish Bombon (Small)",2.00,2.00,220.000,440.00,0.00,440.00,22.00,462.00,0,
"MSFT Hyd","2025-07-04","POS","TAKEAWAY","50","BEVERAGES","Cold Beverages","Island Special-Cold","Iced Vietneamese Shakerato",6.00,6.00,220.000,1320.00,0.00,1320.00,66.00,1386.00,0,
"MSFT Hyd","2025-07-04","POS","TAKEAWAY","190","FOOD","Desserts","Desserts","Pecan & Date Tea Cake",1.00,1.00,200.000,200.00,0.00,200.00,10.00,210.00,0,
"MSFT Hyd","2025-07-04","POS","TAKEAWAY","211","FOOD","Quick Bites","Croissant Cookie & Muffin","Double Choco Chunk Cookie",4.00,4.00,104.460,417.84,0.00,417.84,20.88,438.72,0,
"MSFT Hyd","2025-07-04","POS","TAKEAWAY","212","FOOD","Quick Bites","Croissant Cookie & Muffin","French Butter Croissant",7.00,7.00,104.459,731.21,0.00,731.21,36.55,767.76,0,
"MSFT Hyd","2025-07-04","POS","TAKEAWAY","33","BEVERAGES","Cold Beverages","Iced Chocolate","Guilt-Free Iced Chocolate-Med",3.00,3.00,170.000,510.00,0.00,510.00,25.50,535.50,0,
"MSFT Hyd","2025-07-04","POS","TAKEAWAY","234","BEVERAGES","ADDON","Choice of Beans","Master Blend - (Default)",9.00,9.00,0.000,0.00,0.00,0.00,0.00,0.00,0,
"MSFT Hyd","2025-07-04","POS","TAKEAWAY","141","BEVERAGES","ADDON","Choice of Beans","Kenya Single Estate @50",1.00,1.00,50.000,50.00,0.00,50.00,2.50,52.50,0,
"MSFT Hyd","2025-07-04","POS","TAKEAWAY","67","BEVERAGES","Cold Beverages","Refresh","Bobastic Raw Mango Refresh Tea-Med",1.00,1.00,190.000,190.00,0.00,190.00,9.50,199.50,0,
"MSFT Hyd","2025-07-04","POS","TAKEAWAY","134","BEVERAGES","Hot Beverages","Island Special-Hot","Mocha Espressione Hot-Med",3.00,3.00,210.000,630.00,0.00,630.00,31.50,661.50,0,
"MSFT Hyd","2025-07-04","POS","TAKEAWAY","191","FOOD","Desserts","Desserts","Berry & Honey Yogurt Jar",1.00,1.00,253.000,253.00,0.00,253.00,12.65,265.65,0,
"MSFT Hyd","2025-07-04","POS","TAKEAWAY","14","BEVERAGES","Cold Beverages","Cold Brews","Iced Americano-Lrg",1.00,1.00,180.000,180.00,0.00,180.00,9.00,189.00,0,
"MSFT Hyd","2025-07-04","POS","TAKEAWAY","29","BEVERAGES","Cold Beverages","Iced Chocolate","Classic Iced Chocolate-Lrg",2.00,2.00,190.000,380.00,0.00,380.00,19.00,399.00,0,
"MSFT Hyd","2025-07-04","POS","TAKEAWAY","2","BEVERAGES","Cold Beverages","Cold Brews","Iced Latte Signature-Med",7.00,7.00,130.000,910.00,0.00,910.00,45.50,955.50,0,
"MSFT Hyd","2025-07-04","POS","TAKEAWAY","240","BEVERAGES","Cold Beverages","Choice of Extra Shot - 50","Extra Shot - Volcano Blend",2.00,2.00,50.000,100.00,0.00,100.00,5.00,105.00,0,
"MSFT Hyd","2025-07-04","POS","TAKEAWAY","94","BEVERAGES","Hot Beverages","Hot Brews","Flat White",3.00,3.00,170.000,510.00,0.00,510.00,25.50,535.50,0,
"MSFT Hyd","2025-07-04","POS","TAKEAWAY","110","BEVERAGES","Hot Beverages","Hot Brews","Machiato (Single)",1.00,1.00,140.000,140.00,0.00,140.00,7.00,147.00,0,
"MSFT Hyd","2025-07-04","POS","TAKEAWAY","154","BEVERAGES","ADDON","Choice of Boba","Coffee Popping Boba - 50",1.00,1.00,50.000,50.00,0.00,50.00,2.50,52.50,0,
"MSFT Hyd","2025-07-04","POS","TAKEAWAY","338","BEVERAGES","ADDON","Choice of Milk","Regular - Milk -150g Default",2.00,2.00,0.000,0.00,0.00,0.00,0.00,0.00,0,
"MSFT Hyd","2025-07-04","POS","TAKEAWAY","137","BEVERAGES","ADDON","Choice of Beans","Volcano Blend@0",2.00,2.00,0.000,0.00,0.00,0.00,0.00,0.00,0,
"MSFT Hyd","2025-07-04","POS","TAKEAWAY","103","BEVERAGES","Hot Beverages","Hot Brews","Coffeeccino-reg",2.00,2.00,170.000,340.00,0.00,340.00,17.00,357.00,0,
"MSFT Hyd","2025-07-04","POS","TAKEAWAY","341","BEVERAGES","ADDON","Choice of Milk","Regular - Milk -180g Default",3.00,3.00,0.000,0.00,0.00,0.00,0.00,0.00,0,
"MSFT Hyd","2025-07-04","POS","TAKEAWAY","189","FOOD","Desserts","Desserts","New York Cheesecake",3.00,3.00,253.000,759.00,0.00,759.00,37.95,796.95,0,
"MSFT Hyd","2025-07-04","POS","TAKEAWAY","177","FOOD","Main Course","Pizza","Chipotle Chicken Mozzarella Pide",1.00,1.00,253.000,253.00,0.00,253.00,12.65,265.65,0,
"MSFT Hyd","2025-07-04","POS","TAKEAWAY","337","BEVERAGES","ADDON","Choice of Milk","Regular - Milk -140g Default",1.00,1.00,0.000,0.00,0.00,0.00,0.00,0.00,0,
"MSFT Hyd","2025-07-04","POS","TAKEAWAY","205","FOOD","Desserts","Gelato","French Vanilla Single Scoop",1.00,1.00,99.000,99.00,0.00,99.00,4.95,103.95,0,
"MSFT Hyd","2025-07-04","POS","TAKEAWAY","135","BEVERAGES","Hot Beverages","Island Special-Hot","Mocha Espressione Hot-reg",1.00,1.00,190.000,190.00,0.00,190.00,9.50,199.50,0,
"MSFT Hyd","2025-07-04","POS","TAKEAWAY","92","BEVERAGES","Hot Beverages","Hot Brews","Espresso (Single)",2.00,2.00,130.000,260.00,0.00,260.00,13.00,273.00,0,
"MSFT Hyd","2025-07-04","POS","TAKEAWAY","124","BEVERAGES","Hot Beverages","Hot Chocolate","Hazelnut Indulgent Hot Chocolate-Reg",3.00,3.00,170.000,510.00,0.00,510.00,25.50,535.50,0,
"MSFT Hyd","2025-07-04","POS","TAKEAWAY","68","BEVERAGES","Cold Beverages","Refresh","Bobastic Raw Mango Refresh Tea-Lrg",1.00,1.00,210.000,210.00,0.00,210.00,10.50,220.50,0,
"MSFT Hyd","2025-07-04","POS","TAKEAWAY","185","FOOD","Desserts","Desserts","Cold Brew Tiramisu",6.00,6.00,253.000,1518.00,0.00,1518.00,75.90,1593.90,0,
"MSFT Hyd","2025-07-04","POS","TAKEAWAY","166","BEVERAGES","ADDON","Choice of Syrup","Hazelnut Syrup @50",4.00,4.00,25.000,100.00,0.00,100.00,5.00,105.00,0,
"MSFT Hyd","2025-07-04","POS","TAKEAWAY","219","FOOD","Quick Bites","Puff & Toastie","Peri Peri Cheese Toastie",2.00,2.00,200.000,400.00,0.00,400.00,20.00,420.00,0,
"MSFT Hyd","2025-07-04","POS","TAKEAWAY","15","BEVERAGES","Cold Beverages","Cold Brews","Iced Americano-Med",3.00,3.00,160.000,480.00,0.00,480.00,24.00,504.00,0,
"MSFT Hyd","2025-07-04","POS","TAKEAWAY","102","BEVERAGES","Hot Beverages","Hot Brews","Coffeeccino-Med",6.00,6.00,190.000,1140.00,0.00,1140.00,57.00,1197.00,0,
"MSFT Hyd","2025-07-04","POS","TAKEAWAY","342","BEVERAGES","ADDON","Choice of Milk","Regular - Milk -200g Default",13.00,13.00,0.000,0.00,0.00,0.00,0.00,0.00,0,
"MSFT Hyd","2025-07-04","POS","TAKEAWAY","112","BEVERAGES","Hot Beverages","Hot Brews","Mocha Cappuccino-reg",13.00,13.00,180.000,2340.00,0.00,2340.00,117.00,2457.00,0,
"MSFT Hyd","2025-07-04","POS","TAKEAWAY","3","BEVERAGES","Cold Beverages","Cold Brews","Iced Latte Signature-Lrg",5.00,5.00,150.000,750.00,0.00,750.00,37.50,787.50,0,
"MSFT Hyd","2025-07-04","POS","TAKEAWAY","65","BEVERAGES","Cold Beverages","Proffees (Protein + Coffee)","Caremel Proffee (Protein + Coffee)",2.00,2.00,220.000,440.00,0.00,440.00,22.00,462.00,0,
"MSFT Hyd","2025-07-04","POS","TAKEAWAY","118","BEVERAGES","Hot Beverages","Hot Chocolate","Classic Strawberry Hot Chocolate-Med",1.00,1.00,190.000,190.00,0.00,190.00,9.50,199.50,0,
"MSFT Hyd","2025-07-04","POS","TAKEAWAY","106","BEVERAGES","Hot Beverages","Hot Brews","Cappuccino-reg",7.00,7.00,160.000,1120.00,0.00,1120.00,56.00,1176.00,0,
"MSFT Hyd","2025-07-04","POS","TAKEAWAY","61","BEVERAGES","Cold Beverages","Overnight Brew","Overnite Espresso Vietnamese Brew",1.00,1.00,220.000,220.00,0.00,220.00,11.00,231.00,0,
"MSFT Hyd","2025-07-04","POS","TAKEAWAY","344","BEVERAGES","ADDON","Choice of Milk","Regular - Milk -220g Default",25.00,25.00,0.000,0.00,0.00,0.00,0.00,0.00,0,
"MSFT Hyd","2025-07-04","POS","TAKEAWAY","140","BEVERAGES","ADDON","Choice of Beans","Ethiopia Blend @25",1.00,1.00,25.000,25.00,0.00,25.00,1.25,26.25,0,
"MSFT Hyd","2025-07-04","POS","TAKEAWAY","339","BEVERAGES","ADDON","Choice of Milk","Regular - Milk -160g Default",13.00,13.00,0.000,0.00,0.00,0.00,0.00,0.00,0,
"MSFT Hyd","2025-07-04","POS","TAKEAWAY","53","BEVERAGES","Cold Beverages","Milk Shake","Double Chocolate Indulgent Milkshake-Lrg",1.00,1.00,210.000,210.00,0.00,210.00,10.50,220.50,0,
"MSFT Hyd","2025-07-04","POS","TAKEAWAY","239","BEVERAGES","Cold Beverages","Choice of Extra Shot - 50","Extra Shot - Master Blend",1.00,1.00,50.000,50.00,0.00,50.00,2.50,52.50,0,
"MSFT Hyd","2025-07-04","POS","TAKEAWAY","217","FOOD","Quick Bites","Puff & Toastie","Korean Garlic Mushroom Puff",2.00,2.00,104.460,208.92,0.00,208.92,10.44,219.36,0,
"MSFT Hyd","2025-07-04","POS","TAKEAWAY","115","BEVERAGES","Hot Beverages","Hot Chocolate","Signature Belgian Dark Hot Chocolate-reg",1.00,1.00,170.000,170.00,0.00,170.00,8.50,178.50,0,
"MSFT Hyd","2025-07-04","POS","TAKEAWAY","332","BEVERAGES","ADDON","Choice of Milk","Regular - Milk -90g Default",6.00,6.00,0.000,0.00,0.00,0.00,0.00,0.00,0,
"MSFT Hyd","2025-07-07","POS","DINE IN","356","NA","Cold Beverages","Food Sampling for Microsoft/Compass","Regular Milk @160ML",1.00,1.00,0.000,0.00,0.00,0.00,0.00,0.00,0,
"MSFT Hyd","2025-07-07","POS","DINE IN","355","NA","Cold Beverages","Food Sampling for Microsoft/Compass","Volcano Blend@54g",1.00,1.00,0.000,0.00,0.00,0.00,0.00,0.00,0,
"MSFT Hyd","2025-07-07","POS","DINE IN","354","NA","Cold Beverages","Food Sampling for Microsoft/Compass","Master Blend",1.00,1.00,0.000,0.00,0.00,0.00,0.00,0.00,0,
"MSFT Hyd","2025-07-07","POS","DINE IN","353","EMP MEAL","Emp Meal","Emp Meal","Emp Meal",2.00,2.00,0.000,0.00,0.00,0.00,0.00,0.00,0,
"MSFT Hyd","2025-07-07","POS","TAKEAWAY","96","BEVERAGES","Hot Beverages","Hot Brews","Hot Latte Signature-Med",3.00,3.00,180.000,540.00,0.00,540.00,27.00,567.00,0,
"MSFT Hyd","2025-07-07","POS","TAKEAWAY","187","FOOD","Desserts","Desserts","Nolen Gur Banofee Jar",2.00,2.00,253.000,506.00,0.00,506.00,25.30,531.30,0,
"MSFT Hyd","2025-07-07","POS","TAKEAWAY","115","BEVERAGES","Hot Beverages","Hot Chocolate","Signature Belgian Dark Hot Chocolate-reg",2.00,2.00,170.000,340.00,0.00,340.00,17.00,357.00,0,
"MSFT Hyd","2025-07-07","POS","TAKEAWAY","332","BEVERAGES","ADDON","Choice of Milk","Regular - Milk -90g Default",1.00,1.00,0.000,0.00,0.00,0.00,0.00,0.00,0,
"MSFT Hyd","2025-07-07","POS","TAKEAWAY","210","FOOD","Quick Bites","Croissant Cookie & Muffin","Parker House Cream Pie Croissant",1.00,1.00,147.340,147.34,0.00,147.34,7.37,154.71,0,
"MSFT Hyd","2025-07-07","POS","TAKEAWAY","216","FOOD","Quick Bites","Croissant Cookie & Muffin","White Chocolate & Pistachio Flat Croissant",1.00,1.00,147.340,147.34,0.00,147.34,7.37,154.71,0,
"MSFT Hyd","2025-07-07","POS","TAKEAWAY","122","BEVERAGES","Hot Beverages","Hot Chocolate","Guilt-Free Hot Chocolate-Reg",2.00,2.00,170.000,340.00,0.00,340.00,17.00,357.00,0,
"MSFT Hyd","2025-07-07","POS","TAKEAWAY","191","FOOD","Desserts","Desserts","Berry & Honey Yogurt Jar",2.00,2.00,253.000,506.00,0.00,506.00,25.30,531.30,0,
"MSFT Hyd","2025-07-07","POS","TAKEAWAY","52","BEVERAGES","Cold Beverages","Milk Shake","Double Chocolate Indulgent Milkshake-Med",1.00,1.00,190.000,190.00,0.00,190.00,9.50,199.50,0,
"MSFT Hyd","2025-07-07","POS","TAKEAWAY","7","BEVERAGES","Cold Beverages","Cold Brews","Bobastic Coffeeccino-Lrg",1.00,1.00,210.000,210.00,0.00,210.00,10.50,220.50,0,
"MSFT Hyd","2025-07-07","POS","TAKEAWAY","186","FOOD","Desserts","Desserts","Belgian Chocolate Fudge Brownie",7.00,7.00,104.459,731.21,0.00,731.21,36.55,767.76,0,
"MSFT Hyd","2025-07-07","POS","TAKEAWAY","50","BEVERAGES","Cold Beverages","Island Special-Cold","Iced Vietneamese Shakerato",4.00,4.00,220.000,880.00,0.00,880.00,44.00,924.00,0,
"MSFT Hyd","2025-07-07","POS","TAKEAWAY","200","FOOD","Desserts","Gelato","Mango Sorbet Singal Scoop",2.00,2.00,99.000,198.00,0.00,198.00,9.90,207.90,0,
"MSFT Hyd","2025-07-07","POS","TAKEAWAY","121","BEVERAGES","Hot Beverages","Hot Chocolate","Guilt-Free Hot Chocolate-Med",1.00,1.00,190.000,190.00,0.00,190.00,9.50,199.50,0,
"MSFT Hyd","2025-07-07","POS","TAKEAWAY","92","BEVERAGES","Hot Beverages","Hot Brews","Espresso (Single)",2.00,2.00,130.000,260.00,0.00,260.00,13.00,273.00,0,
"MSFT Hyd","2025-07-07","POS","TAKEAWAY","130","BEVERAGES","Hot Beverages","Hot Tea","Indian Masala Tea",1.00,1.00,170.000,170.00,0.00,170.00,8.50,178.50,0,
"MSFT Hyd","2025-07-07","POS","TAKEAWAY","102","BEVERAGES","Hot Beverages","Hot Brews","Coffeeccino-Med",4.00,4.00,190.000,760.00,0.00,760.00,38.00,798.00,0,
"MSFT Hyd","2025-07-07","POS","TAKEAWAY","71","BEVERAGES","Cold Beverages","Refresh","Iced Classic Lemon Tea-Lrg",1.00,1.00,150.000,150.00,0.00,150.00,7.50,157.50,0,
"MSFT Hyd","2025-07-07","POS","TAKEAWAY","209","FOOD","Desserts","Gelato","Dark Chocolate SSC Single Scoop",2.00,2.00,99.000,198.00,0.00,198.00,9.90,207.90,0,
"MSFT Hyd","2025-07-07","POS","TAKEAWAY","113","BEVERAGES","Hot Beverages","Hot Brews","Mocha Cappuccino-Med",2.00,2.00,200.000,400.00,0.00,400.00,20.00,420.00,0,
"MSFT Hyd","2025-07-07","POS","TAKEAWAY","166","BEVERAGES","ADDON","Choice of Syrup","Hazelnut Syrup @50",2.00,2.00,25.000,50.00,0.00,50.00,2.50,52.50,0,
"MSFT Hyd","2025-07-07","POS","TAKEAWAY","116","BEVERAGES","Hot Beverages","Hot Chocolate","Signature Belgian Dark Hot Chocolate-Med",7.00,7.00,190.000,1330.00,0.00,1330.00,66.50,1396.50,0,
"MSFT Hyd","2025-07-07","POS","TAKEAWAY","6","BEVERAGES","Cold Beverages","Cold Brews","Bobastic Coffeeccino-Med",6.00,6.00,190.000,1140.00,0.00,1140.00,57.00,1197.00,0,
"MSFT Hyd","2025-07-07","POS","TAKEAWAY","63","BEVERAGES","Cold Beverages","Proffees (Protein + Coffee)","Cookie & Cream Proffee (Protein + Coffee)",1.00,1.00,220.000,220.00,0.00,220.00,11.00,231.00,0,
"MSFT Hyd","2025-07-07","POS","TAKEAWAY","340","BEVERAGES","ADDON","Choice of Milk","Regular - Milk -170g Default",11.00,11.00,0.000,0.00,0.00,0.00,0.00,0.00,0,
"MSFT Hyd","2025-07-07","POS","TAKEAWAY","150","BEVERAGES","ADDON","Choice of Milk","Almond Milk @50",2.00,2.00,50.000,100.00,0.00,100.00,5.00,105.00,0,
"MSFT Hyd","2025-07-07","POS","TAKEAWAY","3","BEVERAGES","Cold Beverages","Cold Brews","Iced Latte Signature-Lrg",5.00,5.00,150.000,750.00,0.00,750.00,37.50,787.50,0,
"MSFT Hyd","2025-07-07","POS","TAKEAWAY","112","BEVERAGES","Hot Beverages","Hot Brews","Mocha Cappuccino-reg",14.00,14.00,180.000,2520.00,0.00,2520.00,126.00,2646.00,0,
"MSFT Hyd","2025-07-07","POS","TAKEAWAY","124","BEVERAGES","Hot Beverages","Hot Chocolate","Hazelnut Indulgent Hot Chocolate-Reg",2.00,2.00,170.000,340.00,0.00,340.00,17.00,357.00,0,
"MSFT Hyd","2025-07-07","POS","TAKEAWAY","167","BEVERAGES","ADDON","Choice of Syrup","Salted Caramel Syrup @50",1.00,1.00,25.000,25.00,0.00,25.00,1.25,26.25,0,
"MSFT Hyd","2025-07-07","POS","TAKEAWAY","164","BEVERAGES","ADDON","Choice of Sauce","Chocolate Sauce @50",1.00,1.00,25.000,25.00,0.00,25.00,1.25,26.25,0,
"MSFT Hyd","2025-07-07","POS","TAKEAWAY","234","BEVERAGES","ADDON","Choice of Beans","Master Blend - (Default)",10.00,10.00,0.000,0.00,0.00,0.00,0.00,0.00,0,
"MSFT Hyd","2025-07-07","POS","TAKEAWAY","171","FOOD","Main Course","Hand Made Sandwiches","Roasted Turkey Tomato & Cheese Croissant",1.00,1.00,306.340,306.34,0.00,306.34,15.32,321.66,0,
"MSFT Hyd","2025-07-07","POS","TAKEAWAY","174","FOOD","Main Course","Hand Made Sandwiches","Garlic Mushroom & Caramelized Onion Melt",2.00,2.00,253.000,506.00,0.00,506.00,25.30,531.30,0,
"MSFT Hyd","2025-07-07","POS","TAKEAWAY","339","BEVERAGES","ADDON","Choice of Milk","Regular - Milk -160g Default",11.00,11.00,0.000,0.00,0.00,0.00,0.00,0.00,0,
"MSFT Hyd","2025-07-07","POS","TAKEAWAY","99","BEVERAGES","Hot Beverages","Hot Brews","Americano-reg",3.00,3.00,140.000,420.00,0.00,420.00,21.00,441.00,0,
"MSFT Hyd","2025-07-07","POS","TAKEAWAY","212","FOOD","Quick Bites","Croissant Cookie & Muffin","French Butter Croissant",1.00,1.00,104.460,104.46,0.00,104.46,5.22,109.68,0,
"MSFT Hyd","2025-07-07","POS","TAKEAWAY","139","BEVERAGES","ADDON","Choice of Beans","Kenya Blend @25",1.00,1.00,25.000,25.00,0.00,25.00,1.25,26.25,0,
"MSFT Hyd","2025-07-07","POS","TAKEAWAY","60","BEVERAGES","Cold Beverages","Overnight Brew","Overnite Espresso Gingerale Brew",1.00,1.00,220.000,220.00,0.00,220.00,11.00,231.00,0,
"MSFT Hyd","2025-07-07","POS","TAKEAWAY","8","BEVERAGES","Cold Beverages","Cold Brews","Gelato Affagato",1.00,1.00,210.000,210.00,0.00,210.00,10.50,220.50,0,
"MSFT Hyd","2025-07-07","POS","TAKEAWAY","335","BEVERAGES","ADDON","Choice of Milk","Regular - Milk -120g Default",1.00,1.00,0.000,0.00,0.00,0.00,0.00,0.00,0,
"MSFT Hyd","2025-07-07","POS","TAKEAWAY","10","BEVERAGES","Cold Beverages","Cold Brews","Islander Cold Coffee-Lrg",24.00,24.00,190.000,4560.00,0.00,4560.00,228.00,4788.00,0,
"MSFT Hyd","2025-07-07","POS","TAKEAWAY","188","FOOD","Desserts","Desserts","Cinnamon & Jaggery Tea Cake",2.00,2.00,147.340,294.68,0.00,294.68,14.74,309.42,0,
"MSFT Hyd","2025-07-07","POS","TAKEAWAY","103","BEVERAGES","Hot Beverages","Hot Brews","Coffeeccino-reg",1.00,1.00,170.000,170.00,0.00,170.00,8.50,178.50,0,
"MSFT Hyd","2025-07-07","POS","TAKEAWAY","196","FOOD","Desserts","Gelato","Belgian Chocolate Singal Scoop",3.00,3.00,99.000,297.00,0.00,297.00,14.85,311.85,0,
"MSFT Hyd","2025-07-07","POS","TAKEAWAY","220","FOOD","Quick Bites","Puff & Toastie","Herb Chicken Open Puff",2.00,2.00,147.340,294.68,0.00,294.68,14.74,309.42,0,
"MSFT Hyd","2025-07-07","POS","TAKEAWAY","173","FOOD","Main Course","Hand Made Sandwiches","Mushroom & Scrambled Egg White Broccomole Bagel",4.00,4.00,253.000,1012.00,0.00,1012.00,50.60,1062.60,0,
"MSFT Hyd","2025-07-07","POS","TAKEAWAY","100","BEVERAGES","Hot Beverages","Hot Brews","Americano-Med",3.00,3.00,160.000,480.00,0.00,480.00,24.00,504.00,0,
"MSFT Hyd","2025-07-07","POS","TAKEAWAY","33","BEVERAGES","Cold Beverages","Iced Chocolate","Guilt-Free Iced Chocolate-Med",1.00,1.00,170.000,170.00,0.00,170.00,8.50,178.50,0,
"MSFT Hyd","2025-07-07","POS","TAKEAWAY","11","BEVERAGES","Cold Beverages","Cold Brews","Islander Cold Coffee-Med",7.00,7.00,180.000,1260.00,0.00,1260.00,63.00,1323.00,0,
"MSFT Hyd","2025-07-07","POS","TAKEAWAY","344","BEVERAGES","ADDON","Choice of Milk","Regular - Milk -220g Default",12.00,12.00,0.000,0.00,0.00,0.00,0.00,0.00,0,
"MSFT Hyd","2025-07-07","POS","TAKEAWAY","235","BEVERAGES","ADDON","Choice of Beans","Volcano Blend - (Default)",81.00,81.00,0.000,0.00,0.00,0.00,0.00,0.00,0,
"MSFT Hyd","2025-07-07","POS","TAKEAWAY","337","BEVERAGES","ADDON","Choice of Milk","Regular - Milk -140g Default",2.00,2.00,0.000,0.00,0.00,0.00,0.00,0.00,0,
"MSFT Hyd","2025-07-07","POS","TAKEAWAY","219","FOOD","Quick Bites","Puff & Toastie","Peri Peri Cheese Toastie",1.00,1.00,200.000,200.00,0.00,200.00,10.00,210.00,0,
"MSFT Hyd","2025-07-07","POS","TAKEAWAY","183","FOOD","Main Course","Wholesome Wrap","Sriracha Chicken & Avocado Wrap",1.00,1.00,253.000,253.00,0.00,253.00,12.65,265.65,0,
"MSFT Hyd","2025-07-07","POS","TAKEAWAY","215","FOOD","Quick Bites","Croissant Cookie & Muffin","Rocky Road & Pecan Muffin",1.00,1.00,200.000,200.00,0.00,200.00,10.00,210.00,0,
"MSFT Hyd","2025-07-07","POS","TAKEAWAY","106","BEVERAGES","Hot Beverages","Hot Brews","Cappuccino-reg",9.00,9.00,160.000,1440.00,0.00,1440.00,72.00,1512.00,0,
"MSFT Hyd","2025-07-07","POS","TAKEAWAY","218","FOOD","Quick Bites","Puff & Toastie","Herb Infused Roasted Chicken Toastie",1.00,1.00,200.000,200.00,0.00,200.00,10.00,210.00,0,
"MSFT Hyd","2025-07-07","POS","TAKEAWAY","125","BEVERAGES","Hot Beverages","Hot Chocolate","Hazelnut Indulgent Hot Chocolate-Med",4.00,4.00,190.000,760.00,0.00,760.00,38.00,798.00,0,
"MSFT Hyd","2025-07-07","POS","TAKEAWAY","151","BEVERAGES","ADDON","Choice of Milk","Oat Milk @50",2.00,2.00,50.000,100.00,0.00,100.00,5.00,105.00,0,
"MSFT Hyd","2025-07-07","POS","TAKEAWAY","342","BEVERAGES","ADDON","Choice of Milk","Regular - Milk -200g Default",8.00,8.00,0.000,0.00,0.00,0.00,0.00,0.00,0,
"MSFT Hyd","2025-07-07","POS","TAKEAWAY","211","FOOD","Quick Bites","Croissant Cookie & Muffin","Double Choco Chunk Cookie",2.00,2.00,104.460,208.92,0.00,208.92,10.44,219.36,0,
"MSFT Hyd","2025-07-07","POS","TAKEAWAY","12","BEVERAGES","Cold Beverages","Cold Brews","Fizzy Espressione (Gingerale)",1.00,1.00,210.000,210.00,0.00,210.00,10.50,220.50,0,
"MSFT Hyd","2025-07-07","POS","TAKEAWAY","14","BEVERAGES","Cold Beverages","Cold Brews","Iced Americano-Lrg",2.00,2.00,180.000,360.00,0.00,360.00,18.00,378.00,0,
"MSFT Hyd","2025-07-07","POS","TAKEAWAY","237","BEVERAGES","ADDON","Choice of Crema","Salted Caramel Crema - 0  (Default)",8.00,8.00,0.000,0.00,0.00,0.00,0.00,0.00,0,
"MSFT Hyd","2025-07-07","POS","TAKEAWAY","221","FOOD","Quick Bites","Puff & Toastie","Chipotle Paneer Bhurji & Broccomole Toastie",3.00,3.00,253.000,759.00,0.00,759.00,37.95,796.95,0,
"MSFT Hyd","2025-07-07","POS","TAKEAWAY","336","BEVERAGES","ADDON","Choice of Milk","Regular - Milk -130g Default",22.00,22.00,0.000,0.00,0.00,0.00,0.00,0.00,0,
"MSFT Hyd","2025-07-07","POS","TAKEAWAY","135","BEVERAGES","Hot Beverages","Island Special-Hot","Mocha Espressione Hot-reg",2.00,2.00,190.000,380.00,0.00,380.00,19.00,399.00,0,
"MSFT Hyd","2025-07-07","POS","TAKEAWAY","97","BEVERAGES","Hot Beverages","Hot Brews","Hot Latte Signature-reg",1.00,1.00,160.000,160.00,0.00,160.00,8.00,168.00,0,
"MSFT Hyd","2025-07-07","POS","TAKEAWAY","217","FOOD","Quick Bites","Puff & Toastie","Korean Garlic Mushroom Puff",5.00,5.00,104.460,522.30,0.00,522.30,26.10,548.40,0,
"MSFT Hyd","2025-07-07","POS","TAKEAWAY","2","BEVERAGES","Cold Beverages","Cold Brews","Iced Latte Signature-Med",2.00,2.00,130.000,260.00,0.00,260.00,13.00,273.00,0,
"MSFT Hyd","2025-07-07","POS","TAKEAWAY","105","BEVERAGES","Hot Beverages","Hot Brews","Cappuccino-Med",7.00,7.00,180.000,1260.00,0.00,1260.00,63.00,1323.00,0,
"MSFT Hyd","2025-07-07","POS","TAKEAWAY","347","BEVERAGES","Cold Beverages","Cold Brews","Kenya Blend 36g @ 25",1.00,1.00,25.000,25.00,0.00,25.00,1.25,26.25,0,
"MSFT Hyd","2025-07-07","POS","TAKEAWAY","78","BEVERAGES","Cold Beverages","Refresh","Bobastic Peach Paradise Refresh Tea-Med",1.00,1.00,190.000,190.00,0.00,190.00,9.50,199.50,0,
"MSFT Hyd","2025-07-07","POS","TAKEAWAY","65","BEVERAGES","Cold Beverages","Proffees (Protein + Coffee)","Caremel Proffee (Protein + Coffee)",2.00,2.00,220.000,440.00,0.00,440.00,22.00,462.00,0,
"MSFT Hyd","2025-07-07","POS","TAKEAWAY","205","FOOD","Desserts","Gelato","French Vanilla Single Scoop",1.00,1.00,99.000,99.00,0.00,99.00,4.95,103.95,0,
"MSFT Hyd","2025-07-07","POS","TAKEAWAY","61","BEVERAGES","Cold Beverages","Overnight Brew","Overnite Espresso Vietnamese Brew",3.00,3.00,220.000,660.00,0.00,660.00,33.00,693.00,0,
"MSFT Hyd","2025-07-08","POS","DINE IN","353","EMP MEAL","Emp Meal","Emp Meal","Emp Meal",3.00,3.00,0.000,0.00,0.00,0.00,0.00,0.00,0,
"MSFT Hyd","2025-07-08","POS","DINE IN","354","NA","Cold Beverages","Food Sampling for Microsoft/Compass","Master Blend",1.00,1.00,0.000,0.00,0.00,0.00,0.00,0.00,0,
"MSFT Hyd","2025-07-08","POS","DINE IN","356","NA","Cold Beverages","Food Sampling for Microsoft/Compass","Regular Milk @160ML",1.00,1.00,0.000,0.00,0.00,0.00,0.00,0.00,0,
"MSFT Hyd","2025-07-08","POS","DINE IN","355","NA","Cold Beverages","Food Sampling for Microsoft/Compass","Volcano Blend@54g",1.00,1.00,0.000,0.00,0.00,0.00,0.00,0.00,0,
"MSFT Hyd","2025-07-08","POS","TAKEAWAY","99","BEVERAGES","Hot Beverages","Hot Brews","Americano-reg",2.00,2.00,140.000,280.00,0.00,280.00,14.00,294.00,0,
"MSFT Hyd","2025-07-08","POS","TAKEAWAY","220","FOOD","Quick Bites","Puff & Toastie","Herb Chicken Open Puff",6.00,6.00,147.340,884.04,0.00,884.04,44.22,928.26,0,
"MSFT Hyd","2025-07-08","POS","TAKEAWAY","340","BEVERAGES","ADDON","Choice of Milk","Regular - Milk -170g Default",18.00,18.00,0.000,0.00,0.00,0.00,0.00,0.00,0,
"MSFT Hyd","2025-07-08","POS","TAKEAWAY","216","FOOD","Quick Bites","Croissant Cookie & Muffin","White Chocolate & Pistachio Flat Croissant",1.00,1.00,147.340,147.34,0.00,147.34,7.37,154.71,0,
"MSFT Hyd","2025-07-08","POS","TAKEAWAY","61","BEVERAGES","Cold Beverages","Overnight Brew","Overnite Espresso Vietnamese Brew",1.00,1.00,220.000,220.00,0.00,220.00,11.00,231.00,0,
"MSFT Hyd","2025-07-08","POS","TAKEAWAY","53","BEVERAGES","Cold Beverages","Milk Shake","Double Chocolate Indulgent Milkshake-Lrg",1.00,1.00,210.000,210.00,0.00,210.00,10.50,220.50,0,
"MSFT Hyd","2025-07-08","POS","TAKEAWAY","218","FOOD","Quick Bites","Puff & Toastie","Herb Infused Roasted Chicken Toastie",1.00,1.00,200.000,200.00,0.00,200.00,10.00,210.00,0,
"MSFT Hyd","2025-07-08","POS","TAKEAWAY","341","BEVERAGES","ADDON","Choice of Milk","Regular - Milk -180g Default",3.00,3.00,0.000,0.00,0.00,0.00,0.00,0.00,0,
"MSFT Hyd","2025-07-08","POS","TAKEAWAY","166","BEVERAGES","ADDON","Choice of Syrup","Hazelnut Syrup @50",3.00,3.00,25.000,75.00,0.00,75.00,3.75,78.75,0,
"MSFT Hyd","2025-07-08","POS","TAKEAWAY","140","BEVERAGES","ADDON","Choice of Beans","Ethiopia Blend @25",1.00,1.00,25.000,25.00,0.00,25.00,1.25,26.25,0,
"MSFT Hyd","2025-07-08","POS","TAKEAWAY","186","FOOD","Desserts","Desserts","Belgian Chocolate Fudge Brownie",14.00,14.00,104.459,1462.43,0.00,1462.43,73.09,1535.52,0,
"MSFT Hyd","2025-07-08","POS","TAKEAWAY","121","BEVERAGES","Hot Beverages","Hot Chocolate","Guilt-Free Hot Chocolate-Med",3.00,3.00,190.000,570.00,0.00,570.00,28.50,598.50,0,
"MSFT Hyd","2025-07-08","POS","TAKEAWAY","339","BEVERAGES","ADDON","Choice of Milk","Regular - Milk -160g Default",17.00,17.00,0.000,0.00,0.00,0.00,0.00,0.00,0,
"MSFT Hyd","2025-07-08","POS","TAKEAWAY","188","FOOD","Desserts","Desserts","Cinnamon & Jaggery Tea Cake",1.00,1.00,147.340,147.34,0.00,147.34,7.37,154.71,0,
"MSFT Hyd","2025-07-08","POS","TAKEAWAY","211","FOOD","Quick Bites","Croissant Cookie & Muffin","Double Choco Chunk Cookie",6.00,6.00,104.460,626.76,0.00,626.76,31.32,658.08,0,
"MSFT Hyd","2025-07-08","POS","TAKEAWAY","102","BEVERAGES","Hot Beverages","Hot Brews","Coffeeccino-Med",2.00,2.00,190.000,380.00,0.00,380.00,19.00,399.00,0,
"MSFT Hyd","2025-07-08","POS","TAKEAWAY","338","BEVERAGES","ADDON","Choice of Milk","Regular - Milk -150g Default",4.00,4.00,0.000,0.00,0.00,0.00,0.00,0.00,0,
"MSFT Hyd","2025-07-08","POS","TAKEAWAY","100","BEVERAGES","Hot Beverages","Hot Brews","Americano-Med",2.00,2.00,160.000,320.00,0.00,320.00,16.00,336.00,0,
"MSFT Hyd","2025-07-08","POS","TAKEAWAY","64","BEVERAGES","Cold Beverages","Proffees (Protein + Coffee)","Espresso Proffee (Protein + Coffee)",1.00,1.00,220.000,220.00,0.00,220.00,11.00,231.00,0,
"MSFT Hyd","2025-07-08","POS","TAKEAWAY","237","BEVERAGES","ADDON","Choice of Crema","Salted Caramel Crema - 0  (Default)",3.00,3.00,0.000,0.00,0.00,0.00,0.00,0.00,0,
"MSFT Hyd","2025-07-08","POS","TAKEAWAY","183","FOOD","Main Course","Wholesome Wrap","Sriracha Chicken & Avocado Wrap",1.00,1.00,253.340,253.34,0.00,253.34,12.67,266.01,0,
"MSFT Hyd","2025-07-08","POS","TAKEAWAY","347","BEVERAGES","Cold Beverages","Cold Brews","Kenya Blend 36g @ 25",2.00,2.00,25.000,50.00,0.00,50.00,2.50,52.50,0,
"MSFT Hyd","2025-07-08","POS","TAKEAWAY","105","BEVERAGES","Hot Beverages","Hot Brews","Cappuccino-Med",9.00,9.00,180.000,1620.00,0.00,1620.00,81.00,1701.00,0,
"MSFT Hyd","2025-07-08","POS","TAKEAWAY","2","BEVERAGES","Cold Beverages","Cold Brews","Iced Latte Signature-Med",8.00,8.00,130.000,1040.00,0.00,1040.00,52.00,1092.00,0,
"MSFT Hyd","2025-07-08","POS","TAKEAWAY","235","BEVERAGES","ADDON","Choice of Beans","Volcano Blend - (Default)",120.00,120.00,0.000,0.00,0.00,0.00,0.00,0.00,0,
"MSFT Hyd","2025-07-08","POS","TAKEAWAY","150","BEVERAGES","ADDON","Choice of Milk","Almond Milk @50",1.00,1.00,50.000,50.00,0.00,50.00,2.50,52.50,0,
"MSFT Hyd","2025-07-08","POS","TAKEAWAY","215","FOOD","Quick Bites","Croissant Cookie & Muffin","Rocky Road & Pecan Muffin",1.00,1.00,200.000,200.00,0.00,200.00,10.00,210.00,0,
"MSFT Hyd","2025-07-08","POS","TAKEAWAY","337","BEVERAGES","ADDON","Choice of Milk","Regular - Milk -140g Default",6.00,6.00,0.000,0.00,0.00,0.00,0.00,0.00,0,
"MSFT Hyd","2025-07-08","POS","TAKEAWAY","125","BEVERAGES","Hot Beverages","Hot Chocolate","Hazelnut Indulgent Hot Chocolate-Med",3.00,3.00,190.000,570.00,0.00,570.00,28.50,598.50,0,
"MSFT Hyd","2025-07-08","POS","TAKEAWAY","187","FOOD","Desserts","Desserts","Nolen Gur Banofee Jar",1.00,1.00,253.340,253.34,0.00,253.34,12.67,266.01,0,
"MSFT Hyd","2025-07-08","POS","TAKEAWAY","110","BEVERAGES","Hot Beverages","Hot Brews","Machiato (Single)",3.00,3.00,140.000,420.00,0.00,420.00,21.00,441.00,0,
"MSFT Hyd","2025-07-08","POS","TAKEAWAY","103","BEVERAGES","Hot Beverages","Hot Brews","Coffeeccino-reg",1.00,1.00,170.000,170.00,0.00,170.00,8.50,178.50,0,
"MSFT Hyd","2025-07-08","POS","TAKEAWAY","6","BEVERAGES","Cold Beverages","Cold Brews","Bobastic Coffeeccino-Med",3.00,3.00,190.000,570.00,0.00,570.00,28.50,598.50,0,
"MSFT Hyd","2025-07-08","POS","TAKEAWAY","342","BEVERAGES","ADDON","Choice of Milk","Regular - Milk -200g Default",11.00,11.00,0.000,0.00,0.00,0.00,0.00,0.00,0,
"MSFT Hyd","2025-07-08","POS","TAKEAWAY","44","BEVERAGES","Cold Beverages","Island Special-Cold","Mocha Espressione Cold-Lrg",2.00,2.00,210.000,420.00,0.00,420.00,21.00,441.00,0,
"MSFT Hyd","2025-07-08","POS","TAKEAWAY","48","BEVERAGES","Cold Beverages","Island Special-Cold","Freddo Cappuccino-Lrg",3.00,3.00,190.000,570.00,0.00,570.00,28.50,598.50,0,
"MSFT Hyd","2025-07-08","POS","TAKEAWAY","124","BEVERAGES","Hot Beverages","Hot Chocolate","Hazelnut Indulgent Hot Chocolate-Reg",1.00,1.00,170.000,170.00,0.00,170.00,8.50,178.50,0,
"MSFT Hyd","2025-07-08","POS","TAKEAWAY","52","BEVERAGES","Cold Beverages","Milk Shake","Double Chocolate Indulgent Milkshake-Med",3.00,3.00,190.000,570.00,0.00,570.00,28.50,598.50,0,
"MSFT Hyd","2025-07-08","POS","TAKEAWAY","344","BEVERAGES","ADDON","Choice of Milk","Regular - Milk -220g Default",25.00,25.00,0.000,0.00,0.00,0.00,0.00,0.00,0,
"MSFT Hyd","2025-07-08","POS","TAKEAWAY","3","BEVERAGES","Cold Beverages","Cold Brews","Iced Latte Signature-Lrg",7.00,7.00,150.000,1050.00,0.00,1050.00,52.50,1102.50,0,
"MSFT Hyd","2025-07-08","POS","TAKEAWAY","33","BEVERAGES","Cold Beverages","Iced Chocolate","Guilt-Free Iced Chocolate-Med",2.00,2.00,170.000,340.00,0.00,340.00,17.00,357.00,0,
"MSFT Hyd","2025-07-08","POS","TAKEAWAY","178","FOOD","Main Course","Pizza","Roasted Tomato Basil Bocconcini Pide",1.00,1.00,253.000,253.00,0.00,253.00,12.65,265.65,0,
"MSFT Hyd","2025-07-08","POS","TAKEAWAY","96","BEVERAGES","Hot Beverages","Hot Brews","Hot Latte Signature-Med",4.00,4.00,180.000,720.00,0.00,720.00,36.00,756.00,0,
"MSFT Hyd","2025-07-08","POS","TAKEAWAY","136","BEVERAGES","Hot Beverages","Island Special-Hot","Spanish Bombon (Small)",1.00,1.00,220.000,220.00,0.00,220.00,11.00,231.00,0,
"MSFT Hyd","2025-07-08","POS","TAKEAWAY","39","BEVERAGES","Cold Beverages","Iced Chocolate","Dreamy Hazelnut Iced Chocolate-Med",1.00,1.00,170.000,170.00,0.00,170.00,8.50,178.50,0,
"MSFT Hyd","2025-07-08","POS","TAKEAWAY","343","BEVERAGES","ADDON","Choice of Milk","Regular - Milk -210g Default",1.00,1.00,0.000,0.00,0.00,0.00,0.00,0.00,0,
"MSFT Hyd","2025-07-08","POS","TAKEAWAY","336","BEVERAGES","ADDON","Choice of Milk","Regular - Milk -130g Default",21.00,21.00,0.000,0.00,0.00,0.00,0.00,0.00,0,
"MSFT Hyd","2025-07-08","POS","TAKEAWAY","113","BEVERAGES","Hot Beverages","Hot Brews","Mocha Cappuccino-Med",4.00,4.00,200.000,800.00,0.00,800.00,40.00,840.00,0,
"MSFT Hyd","2025-07-08","POS","TAKEAWAY","334","BEVERAGES","ADDON","Choice of Milk","Regular - Milk -110g Default",1.00,1.00,0.000,0.00,0.00,0.00,0.00,0.00,0,
"MSFT Hyd","2025-07-08","POS","TAKEAWAY","86","BEVERAGES","Hot Beverages","Alternative Brews","Island Pour Over",1.00,1.00,210.000,210.00,0.00,210.00,10.50,220.50,0,
"MSFT Hyd","2025-07-08","POS","TAKEAWAY","112","BEVERAGES","Hot Beverages","Hot Brews","Mocha Cappuccino-reg",13.00,13.00,180.000,2340.00,0.00,2340.00,117.00,2457.00,0,
"MSFT Hyd","2025-07-08","POS","TAKEAWAY","122","BEVERAGES","Hot Beverages","Hot Chocolate","Guilt-Free Hot Chocolate-Reg",7.00,7.00,170.000,1190.00,0.00,1190.00,59.50,1249.50,0,
"MSFT Hyd","2025-07-08","POS","TAKEAWAY","12","BEVERAGES","Cold Beverages","Cold Brews","Fizzy Espressione (Gingerale)",1.00,1.00,210.000,210.00,0.00,210.00,10.50,220.50,0,
"MSFT Hyd","2025-07-08","POS","TAKEAWAY","209","FOOD","Desserts","Gelato","Dark Chocolate SSC Single Scoop",7.00,7.00,99.000,693.00,0.00,693.00,34.65,727.65,0,
"MSFT Hyd","2025-07-08","POS","TAKEAWAY","65","BEVERAGES","Cold Beverages","Proffees (Protein + Coffee)","Caremel Proffee (Protein + Coffee)",3.00,3.00,220.000,660.00,0.00,660.00,33.00,693.00,0,
"MSFT Hyd","2025-07-08","POS","TAKEAWAY","205","FOOD","Desserts","Gelato","French Vanilla Single Scoop",1.00,1.00,99.000,99.00,0.00,99.00,4.95,103.95,0,
"MSFT Hyd","2025-07-08","POS","TAKEAWAY","45","BEVERAGES","Cold Beverages","Island Special-Cold","Mocha Espressione Cold-Med",5.00,5.00,190.000,950.00,0.00,950.00,47.50,997.50,0,
"MSFT Hyd","2025-07-08","POS","TAKEAWAY","50","BEVERAGES","Cold Beverages","Island Special-Cold","Iced Vietneamese Shakerato",6.00,6.00,220.000,1320.00,0.00,1320.00,66.00,1386.00,0,
"MSFT Hyd","2025-07-08","POS","TAKEAWAY","94","BEVERAGES","Hot Beverages","Hot Brews","Flat White",2.00,2.00,170.000,340.00,0.00,340.00,17.00,357.00,0,
"MSFT Hyd","2025-07-08","POS","TAKEAWAY","106","BEVERAGES","Hot Beverages","Hot Brews","Cappuccino-reg",6.00,6.00,160.000,960.00,0.00,960.00,48.00,1008.00,0,
"MSFT Hyd","2025-07-08","POS","TAKEAWAY","190","FOOD","Desserts","Desserts","Pecan & Date Tea Cake",1.00,1.00,200.000,200.00,0.00,200.00,10.00,210.00,0,
"MSFT Hyd","2025-07-08","POS","TAKEAWAY","191","FOOD","Desserts","Desserts","Berry & Honey Yogurt Jar",1.00,1.00,253.340,253.34,0.00,253.34,12.67,266.01,0,
"MSFT Hyd","2025-07-08","POS","TAKEAWAY","92","BEVERAGES","Hot Beverages","Hot Brews","Espresso (Single)",3.00,3.00,130.000,390.00,0.00,390.00,19.50,409.50,0,
"MSFT Hyd","2025-07-08","POS","TAKEAWAY","60","BEVERAGES","Cold Beverages","Overnight Brew","Overnite Espresso Gingerale Brew",1.00,1.00,220.000,220.00,0.00,220.00,11.00,231.00,0,
"MSFT Hyd","2025-07-08","POS","TAKEAWAY","32","BEVERAGES","Cold Beverages","Iced Chocolate","Guilt-Free Iced Chocolate-Lrg",4.00,4.00,190.000,760.00,0.00,760.00,38.00,798.00,0,
"MSFT Hyd","2025-07-08","POS","TAKEAWAY","196","FOOD","Desserts","Gelato","Belgian Chocolate Singal Scoop",4.00,4.00,99.000,396.00,0.00,396.00,19.80,415.80,0,
"MSFT Hyd","2025-07-08","POS","TAKEAWAY","189","FOOD","Desserts","Desserts","New York Cheesecake",1.00,1.00,253.340,253.34,0.00,253.34,12.67,266.01,0,
"MSFT Hyd","2025-07-08","POS","TAKEAWAY","333","BEVERAGES","ADDON","Choice of Milk","Regular - Milk -100g Default",6.00,6.00,0.000,0.00,0.00,0.00,0.00,0.00,0,
"MSFT Hyd","2025-07-08","POS","TAKEAWAY","139","BEVERAGES","ADDON","Choice of Beans","Kenya Blend @25",1.00,1.00,25.000,25.00,0.00,25.00,1.25,26.25,0,
"MSFT Hyd","2025-07-08","POS","TAKEAWAY","332","BEVERAGES","ADDON","Choice of Milk","Regular - Milk -90g Default",3.00,3.00,0.000,0.00,0.00,0.00,0.00,0.00,0,
"MSFT Hyd","2025-07-08","POS","TAKEAWAY","11","BEVERAGES","Cold Beverages","Cold Brews","Islander Cold Coffee-Med",4.00,4.00,180.000,720.00,0.00,720.00,36.00,756.00,0,
"MSFT Hyd","2025-07-08","POS","TAKEAWAY","135","BEVERAGES","Hot Beverages","Island Special-Hot","Mocha Espressione Hot-reg",6.00,6.00,190.000,1140.00,0.00,1140.00,57.00,1197.00,0,
"MSFT Hyd","2025-07-08","POS","TAKEAWAY","234","BEVERAGES","ADDON","Choice of Beans","Master Blend - (Default)",16.00,16.00,0.000,0.00,0.00,0.00,0.00,0.00,0,
"MSFT Hyd","2025-07-08","POS","TAKEAWAY","14","BEVERAGES","Cold Beverages","Cold Brews","Iced Americano-Lrg",3.00,3.00,180.000,540.00,0.00,540.00,27.00,567.00,0,
"MSFT Hyd","2025-07-08","POS","TAKEAWAY","200","FOOD","Desserts","Gelato","Mango Sorbet Singal Scoop",1.00,1.00,99.000,99.00,0.00,99.00,4.95,103.95,0,
"MSFT Hyd","2025-07-08","POS","TAKEAWAY","56","BEVERAGES","Cold Beverages","Milk Shake","Berry Burst Paradise Milkshake-Med",2.00,2.00,190.000,380.00,0.00,380.00,19.00,399.00,0,
"MSFT Hyd","2025-07-08","POS","TAKEAWAY","15","BEVERAGES","Cold Beverages","Cold Brews","Iced Americano-Med",1.00,1.00,160.000,160.00,0.00,160.00,8.00,168.00,0,
"MSFT Hyd","2025-07-08","POS","TAKEAWAY","62","BEVERAGES","Cold Beverages","Overnight Brew","Overnite Espresso Classic Brew",1.00,1.00,220.000,220.00,0.00,220.00,11.00,231.00,0,
"MSFT Hyd","2025-07-08","POS","TAKEAWAY","38","BEVERAGES","Cold Beverages","Iced Chocolate","Dreamy Hazelnut Iced Chocolate-Lrg",4.00,4.00,190.000,760.00,0.00,760.00,38.00,798.00,0,
"MSFT Hyd","2025-07-08","POS","TAKEAWAY","167","BEVERAGES","ADDON","Choice of Syrup","Salted Caramel Syrup @50",2.00,2.00,25.000,50.00,0.00,50.00,2.50,52.50,0,
"MSFT Hyd","2025-07-08","POS","TAKEAWAY","134","BEVERAGES","Hot Beverages","Island Special-Hot","Mocha Espressione Hot-Med",1.00,1.00,210.000,210.00,0.00,210.00,10.50,220.50,0,
"MSFT Hyd","2025-07-08","POS","TAKEAWAY","81","BEVERAGES","Cold Beverages","Refresh","Iced Apple Green Tea-Med",4.00,4.00,130.000,520.00,0.00,520.00,26.00,546.00,0,
"MSFT Hyd","2025-07-08","POS","TAKEAWAY","151","BEVERAGES","ADDON","Choice of Milk","Oat Milk @50",3.00,3.00,50.000,150.00,0.00,150.00,7.50,157.50,0,
"MSFT Hyd","2025-07-08","POS","TAKEAWAY","116","BEVERAGES","Hot Beverages","Hot Chocolate","Signature Belgian Dark Hot Chocolate-Med",11.00,11.00,190.000,2090.00,0.00,2090.00,104.50,2194.50,0,
"MSFT Hyd","2025-07-08","POS","TAKEAWAY","141","BEVERAGES","ADDON","Choice of Beans","Kenya Single Estate @50",1.00,1.00,50.000,50.00,0.00,50.00,2.50,52.50,0,
"MSFT Hyd","2025-07-08","POS","TAKEAWAY","210","FOOD","Quick Bites","Croissant Cookie & Muffin","Parker House Cream Pie Croissant",1.00,1.00,147.340,147.34,0.00,147.34,7.37,154.71,0,
"MSFT Hyd","2025-07-08","POS","TAKEAWAY","212","FOOD","Quick Bites","Croissant Cookie & Muffin","French Butter Croissant",6.00,6.00,104.460,626.76,0.00,626.76,31.32,658.08,0,
"MSFT Hyd","2025-07-08","POS","TAKEAWAY","217","FOOD","Quick Bites","Puff & Toastie","Korean Garlic Mushroom Puff",6.00,6.00,104.458,626.75,0.00,626.75,31.33,658.08,0,
"MSFT Hyd","2025-07-08","POS","TAKEAWAY","115","BEVERAGES","Hot Beverages","Hot Chocolate","Signature Belgian Dark Hot Chocolate-reg",2.00,2.00,170.000,340.00,0.00,340.00,17.00,357.00,0,
"MSFT Hyd","2025-07-08","POS","TAKEAWAY","63","BEVERAGES","Cold Beverages","Proffees (Protein + Coffee)","Cookie & Cream Proffee (Protein + Coffee)",2.00,2.00,220.000,440.00,0.00,440.00,22.00,462.00,0,
"MSFT Hyd","2025-07-08","POS","TAKEAWAY","10","BEVERAGES","Cold Beverages","Cold Brews","Islander Cold Coffee-Lrg",38.00,38.00,190.000,7220.00,0.00,7220.00,361.00,7581.00,0,
"MSFT Hyd","2025-07-08","POS","TAKEAWAY","97","BEVERAGES","Hot Beverages","Hot Brews","Hot Latte Signature-reg",4.00,4.00,160.000,640.00,0.00,640.00,32.00,672.00,0,
"MSFT Hyd","2025-07-08","POS","TAKEAWAY","132","BEVERAGES","Hot Beverages","Hot Tea","Morning Breakfast Tea",1.00,1.00,170.000,170.00,0.00,170.00,8.50,178.50,0,
"MSFT Hyd","2025-07-08","POS","TAKEAWAY","146","BEVERAGES","ADDON","Choice of Beans","Ethiopia Single Estate 20g@Default",1.00,1.00,0.000,0.00,0.00,0.00,0.00,0.00,0,
"MSFT Hyd","2025-07-08","POS","TAKEAWAY","108","BEVERAGES","Hot Beverages","Hot Brews","Lungo Small",1.00,1.00,150.000,150.00,0.00,150.00,7.50,157.50,0,
"MSFT Hyd","2025-07-08","POS","TAKEAWAY","78","BEVERAGES","Cold Beverages","Refresh","Bobastic Peach Paradise Refresh Tea-Med",1.00,1.00,190.000,190.00,0.00,190.00,9.50,199.50,0,
"MSFT Hyd","2025-07-09","POS","DINE IN","355","NA","Cold Beverages","Food Sampling for Microsoft/Compass","Volcano Blend@54g",1.00,1.00,0.000,0.00,0.00,0.00,0.00,0.00,0,
"MSFT Hyd","2025-07-09","POS","DINE IN","356","NA","Cold Beverages","Food Sampling for Microsoft/Compass","Regular Milk @160ML",1.00,1.00,0.000,0.00,0.00,0.00,0.00,0.00,0,
"MSFT Hyd","2025-07-09","POS","DINE IN","354","NA","Cold Beverages","Food Sampling for Microsoft/Compass","Master Blend",1.00,1.00,0.000,0.00,0.00,0.00,0.00,0.00,0,
"MSFT Hyd","2025-07-09","POS","TAKEAWAY","135","BEVERAGES","Hot Beverages","Island Special-Hot","Mocha Espressione Hot-reg",2.00,2.00,190.000,380.00,0.00,380.00,19.00,399.00,0,
"MSFT Hyd","2025-07-09","POS","TAKEAWAY","52","BEVERAGES","Cold Beverages","Milk Shake","Double Chocolate Indulgent Milkshake-Med",1.00,1.00,190.000,190.00,0.00,190.00,9.50,199.50,0,
"MSFT Hyd","2025-07-09","POS","TAKEAWAY","344","BEVERAGES","ADDON","Choice of Milk","Regular - Milk -220g Default",10.00,10.00,0.000,0.00,0.00,0.00,0.00,0.00,0,
"MSFT Hyd","2025-07-09","POS","TAKEAWAY","12","BEVERAGES","Cold Beverages","Cold Brews","Fizzy Espressione (Gingerale)",1.00,1.00,210.000,210.00,0.00,210.00,10.50,220.50,0,
"MSFT Hyd","2025-07-09","POS","TAKEAWAY","335","BEVERAGES","ADDON","Choice of Milk","Regular - Milk -120g Default",2.00,2.00,0.000,0.00,0.00,0.00,0.00,0.00,0,
"MSFT Hyd","2025-07-09","POS","TAKEAWAY","121","BEVERAGES","Hot Beverages","Hot Chocolate","Guilt-Free Hot Chocolate-Med",3.00,3.00,190.000,570.00,0.00,570.00,28.50,598.50,0,
"MSFT Hyd","2025-07-09","POS","TAKEAWAY","115","BEVERAGES","Hot Beverages","Hot Chocolate","Signature Belgian Dark Hot Chocolate-reg",3.00,3.00,170.000,510.00,0.00,510.00,25.50,535.50,0,
"MSFT Hyd","2025-07-09","POS","TAKEAWAY","90","BEVERAGES","Hot Beverages","Hot Brews","Cortardo (Small)",1.00,1.00,160.000,160.00,0.00,160.00,8.00,168.00,0,
"MSFT Hyd","2025-07-09","POS","TAKEAWAY","6","BEVERAGES","Cold Beverages","Cold Brews","Bobastic Coffeeccino-Med",5.00,5.00,190.000,950.00,0.00,950.00,47.50,997.50,0,
"MSFT Hyd","2025-07-09","POS","TAKEAWAY","3","BEVERAGES","Cold Beverages","Cold Brews","Iced Latte Signature-Lrg",5.00,5.00,150.000,750.00,0.00,750.00,37.50,787.50,0,
"MSFT Hyd","2025-07-09","POS","TAKEAWAY","7","BEVERAGES","Cold Beverages","Cold Brews","Bobastic Coffeeccino-Lrg",1.00,1.00,210.000,210.00,0.00,210.00,10.50,220.50,0,
"MSFT Hyd","2025-07-09","POS","TAKEAWAY","61","BEVERAGES","Cold Beverages","Overnight Brew","Overnite Espresso Vietnamese Brew",1.00,1.00,220.000,220.00,0.00,220.00,11.00,231.00,0,
"MSFT Hyd","2025-07-09","POS","TAKEAWAY","188","FOOD","Desserts","Desserts","Cinnamon & Jaggery Tea Cake",2.00,2.00,147.340,294.68,0.00,294.68,14.74,309.42,0,
"MSFT Hyd","2025-07-09","POS","TAKEAWAY","205","FOOD","Desserts","Gelato","French Vanilla Single Scoop",2.00,2.00,99.000,198.00,0.00,198.00,9.90,207.90,0,
"MSFT Hyd","2025-07-09","POS","TAKEAWAY","50","BEVERAGES","Cold Beverages","Island Special-Cold","Iced Vietneamese Shakerato",3.00,3.00,220.000,660.00,0.00,660.00,33.00,693.00,0,
"MSFT Hyd","2025-07-09","POS","TAKEAWAY","67","BEVERAGES","Cold Beverages","Refresh","Bobastic Raw Mango Refresh Tea-Med",1.00,1.00,190.000,190.00,0.00,190.00,9.50,199.50,0,
"MSFT Hyd","2025-07-09","POS","TAKEAWAY","42","BEVERAGES","Cold Beverages","Island Special-Cold","Freddo Espresso Ristretto-Med",2.00,2.00,190.000,380.00,0.00,380.00,19.00,399.00,0,
"MSFT Hyd","2025-07-09","POS","TAKEAWAY","49","BEVERAGES","Cold Beverages","Island Special-Cold","Freddo Cappuccino-Med",1.00,1.00,170.000,170.00,0.00,170.00,8.50,178.50,0,
"MSFT Hyd","2025-07-09","POS","TAKEAWAY","187","FOOD","Desserts","Desserts","Nolen Gur Banofee Jar",2.00,2.00,253.340,506.68,0.00,506.68,25.34,532.02,0,
"MSFT Hyd","2025-07-09","POS","TAKEAWAY","209","FOOD","Desserts","Gelato","Dark Chocolate SSC Single Scoop",4.00,4.00,99.000,396.00,0.00,396.00,19.80,415.80,0,
"MSFT Hyd","2025-07-09","POS","TAKEAWAY","213","FOOD","Quick Bites","Croissant Cookie & Muffin","Sea Salt Caramel Brookie",4.00,4.00,147.340,589.36,0.00,589.36,29.48,618.84,0,
"MSFT Hyd","2025-07-09","POS","TAKEAWAY","33","BEVERAGES","Cold Beverages","Iced Chocolate","Guilt-Free Iced Chocolate-Med",1.00,1.00,170.000,170.00,0.00,170.00,8.50,178.50,0,
"MSFT Hyd","2025-07-09","POS","TAKEAWAY","234","BEVERAGES","ADDON","Choice of Beans","Master Blend - (Default)",11.00,11.00,0.000,0.00,0.00,0.00,0.00,0.00,0,
"MSFT Hyd","2025-07-09","POS","TAKEAWAY","216","FOOD","Quick Bites","Croissant Cookie & Muffin","White Chocolate & Pistachio Flat Croissant",7.00,7.00,147.340,1031.38,0.00,1031.38,51.59,1082.97,0,
"MSFT Hyd","2025-07-09","POS","TAKEAWAY","210","FOOD","Quick Bites","Croissant Cookie & Muffin","Parker House Cream Pie Croissant",1.00,1.00,147.340,147.34,0.00,147.34,7.37,154.71,0,
"MSFT Hyd","2025-07-09","POS","TAKEAWAY","80","BEVERAGES","Cold Beverages","Refresh","Iced Apple Green Tea-Lrg",1.00,1.00,150.000,150.00,0.00,150.00,7.50,157.50,0,
"MSFT Hyd","2025-07-09","POS","TAKEAWAY","65","BEVERAGES","Cold Beverages","Proffees (Protein + Coffee)","Caremel Proffee (Protein + Coffee)",2.00,2.00,220.000,440.00,0.00,440.00,22.00,462.00,0,
"MSFT Hyd","2025-07-09","POS","TAKEAWAY","186","FOOD","Desserts","Desserts","Belgian Chocolate Fudge Brownie",10.00,10.00,104.460,1044.60,0.00,1044.60,52.20,1096.80,0,
"MSFT Hyd","2025-07-09","POS","TAKEAWAY","166","BEVERAGES","ADDON","Choice of Syrup","Hazelnut Syrup @50",3.00,3.00,25.000,75.00,0.00,75.00,3.75,78.75,0,
"MSFT Hyd","2025-07-09","POS","TAKEAWAY","97","BEVERAGES","Hot Beverages","Hot Brews","Hot Latte Signature-reg",5.00,5.00,160.000,800.00,0.00,800.00,40.00,840.00,0,
"MSFT Hyd","2025-07-09","POS","TAKEAWAY","340","BEVERAGES","ADDON","Choice of Milk","Regular - Milk -170g Default",21.00,21.00,0.000,0.00,0.00,0.00,0.00,0.00,0,
"MSFT Hyd","2025-07-09","POS","TAKEAWAY","110","BEVERAGES","Hot Beverages","Hot Brews","Machiato (Single)",2.00,2.00,140.000,280.00,0.00,280.00,14.00,294.00,0,
"MSFT Hyd","2025-07-09","POS","TAKEAWAY","102","BEVERAGES","Hot Beverages","Hot Brews","Coffeeccino-Med",2.00,2.00,190.000,380.00,0.00,380.00,19.00,399.00,0,
"MSFT Hyd","2025-07-09","POS","TAKEAWAY","220","FOOD","Quick Bites","Puff & Toastie","Herb Chicken Open Puff",3.00,3.00,147.340,442.02,0.00,442.02,22.11,464.13,0,
"MSFT Hyd","2025-07-09","POS","TAKEAWAY","139","BEVERAGES","ADDON","Choice of Beans","Kenya Blend @25",1.00,1.00,25.000,25.00,0.00,25.00,1.25,26.25,0,
"MSFT Hyd","2025-07-09","POS","TAKEAWAY","172","FOOD","Main Course","Hand Made Sandwiches","Cheesy Meatball Melt",1.00,1.00,306.340,306.34,0.00,306.34,15.32,321.66,0,
"MSFT Hyd","2025-07-09","POS","TAKEAWAY","154","BEVERAGES","ADDON","Choice of Boba","Coffee Popping Boba - 50",1.00,1.00,50.000,50.00,0.00,50.00,2.50,52.50,0,
"MSFT Hyd","2025-07-09","POS","TAKEAWAY","38","BEVERAGES","Cold Beverages","Iced Chocolate","Dreamy Hazelnut Iced Chocolate-Lrg",1.00,1.00,190.000,190.00,0.00,190.00,9.50,199.50,0,
"MSFT Hyd","2025-07-09","POS","TAKEAWAY","212","FOOD","Quick Bites","Croissant Cookie & Muffin","French Butter Croissant",5.00,5.00,104.460,522.30,0.00,522.30,26.10,548.40,0,
"MSFT Hyd","2025-07-09","POS","TAKEAWAY","333","BEVERAGES","ADDON","Choice of Milk","Regular - Milk -100g Default",3.00,3.00,0.000,0.00,0.00,0.00,0.00,0.00,0,
"MSFT Hyd","2025-07-09","POS","TAKEAWAY","341","BEVERAGES","ADDON","Choice of Milk","Regular - Milk -180g Default",3.00,3.00,0.000,0.00,0.00,0.00,0.00,0.00,0,
"MSFT Hyd","2025-07-09","POS","TAKEAWAY","8","BEVERAGES","Cold Beverages","Cold Brews","Gelato Affagato",1.00,1.00,210.000,210.00,0.00,210.00,10.50,220.50,0,
"MSFT Hyd","2025-07-09","POS","TAKEAWAY","105","BEVERAGES","Hot Beverages","Hot Brews","Cappuccino-Med",11.00,11.00,180.000,1980.00,0.00,1980.00,99.00,2079.00,0,
"MSFT Hyd","2025-07-09","POS","TAKEAWAY","140","BEVERAGES","ADDON","Choice of Beans","Ethiopia Blend @25",1.00,1.00,25.000,25.00,0.00,25.00,1.25,26.25,0,
"MSFT Hyd","2025-07-09","POS","TAKEAWAY","92","BEVERAGES","Hot Beverages","Hot Brews","Espresso (Single)",1.00,1.00,130.000,130.00,0.00,130.00,6.50,136.50,0,
"MSFT Hyd","2025-07-09","POS","TAKEAWAY","200","FOOD","Desserts","Gelato","Mango Sorbet Singal Scoop",5.00,5.00,99.000,495.00,0.00,495.00,24.75,519.75,0,
"MSFT Hyd","2025-07-09","POS","TAKEAWAY","342","BEVERAGES","ADDON","Choice of Milk","Regular - Milk -200g Default",6.00,6.00,0.000,0.00,0.00,0.00,0.00,0.00,0,
"MSFT Hyd","2025-07-09","POS","TAKEAWAY","171","FOOD","Main Course","Hand Made Sandwiches","Roasted Turkey Tomato & Cheese Croissant",3.00,3.00,306.340,919.02,0.00,919.02,45.96,964.98,0,
"MSFT Hyd","2025-07-09","POS","TAKEAWAY","150","BEVERAGES","ADDON","Choice of Milk","Almond Milk @50",1.00,1.00,50.000,50.00,0.00,50.00,2.50,52.50,0,
"MSFT Hyd","2025-07-09","POS","TAKEAWAY","167","BEVERAGES","ADDON","Choice of Syrup","Salted Caramel Syrup @50",3.00,3.00,25.000,75.00,0.00,75.00,3.75,78.75,0,
"MSFT Hyd","2025-07-09","POS","TAKEAWAY","113","BEVERAGES","Hot Beverages","Hot Brews","Mocha Cappuccino-Med",2.00,2.00,200.000,400.00,0.00,400.00,20.00,420.00,0,
"MSFT Hyd","2025-07-09","POS","TAKEAWAY","189","FOOD","Desserts","Desserts","New York Cheesecake",7.00,7.00,253.340,1773.38,0.00,1773.38,88.69,1862.07,0,
"MSFT Hyd","2025-07-09","POS","TAKEAWAY","125","BEVERAGES","Hot Beverages","Hot Chocolate","Hazelnut Indulgent Hot Chocolate-Med",1.00,1.00,190.000,190.00,0.00,190.00,9.50,199.50,0,
"MSFT Hyd","2025-07-09","POS","TAKEAWAY","10","BEVERAGES","Cold Beverages","Cold Brews","Islander Cold Coffee-Lrg",22.00,22.00,190.000,4180.00,0.00,4180.00,209.00,4389.00,0,
"MSFT Hyd","2025-07-09","POS","TAKEAWAY","96","BEVERAGES","Hot Beverages","Hot Brews","Hot Latte Signature-Med",1.00,1.00,180.000,180.00,0.00,180.00,9.00,189.00,0,
"MSFT Hyd","2025-07-09","POS","TAKEAWAY","39","BEVERAGES","Cold Beverages","Iced Chocolate","Dreamy Hazelnut Iced Chocolate-Med",3.00,3.00,170.000,510.00,0.00,510.00,25.50,535.50,0,
"MSFT Hyd","2025-07-09","POS","TAKEAWAY","334","BEVERAGES","ADDON","Choice of Milk","Regular - Milk -110g Default",3.00,3.00,0.000,0.00,0.00,0.00,0.00,0.00,0,
"MSFT Hyd","2025-07-09","POS","TAKEAWAY","196","FOOD","Desserts","Gelato","Belgian Chocolate Singal Scoop",5.00,5.00,99.000,495.00,0.00,495.00,24.75,519.75,0,
"MSFT Hyd","2025-07-09","POS","TAKEAWAY","45","BEVERAGES","Cold Beverages","Island Special-Cold","Mocha Espressione Cold-Med",3.00,3.00,190.000,570.00,0.00,570.00,28.50,598.50,0,
"MSFT Hyd","2025-07-09","POS","TAKEAWAY","11","BEVERAGES","Cold Beverages","Cold Brews","Islander Cold Coffee-Med",3.00,3.00,180.000,540.00,0.00,540.00,27.00,567.00,0,
"MSFT Hyd","2025-07-09","POS","TAKEAWAY","211","FOOD","Quick Bites","Croissant Cookie & Muffin","Double Choco Chunk Cookie",6.00,6.00,104.457,626.74,0.00,626.74,31.34,658.08,0,
"MSFT Hyd","2025-07-09","POS","TAKEAWAY","183","FOOD","Main Course","Wholesome Wrap","Sriracha Chicken & Avocado Wrap",1.00,1.00,253.340,253.34,0.00,253.34,12.67,266.01,0,
"MSFT Hyd","2025-07-09","POS","TAKEAWAY","103","BEVERAGES","Hot Beverages","Hot Brews","Coffeeccino-reg",3.00,3.00,170.000,510.00,0.00,510.00,25.50,535.50,0,
"MSFT Hyd","2025-07-09","POS","TAKEAWAY","170","FOOD","Main Course","Hand Made Sandwiches","Roasted Tomato & Bocconcini Croissant",1.00,1.00,253.340,253.34,0.00,253.34,12.67,266.01,0,
"MSFT Hyd","2025-07-09","POS","TAKEAWAY","64","BEVERAGES","Cold Beverages","Proffees (Protein + Coffee)","Espresso Proffee (Protein + Coffee)",2.00,2.00,220.000,440.00,0.00,440.00,22.00,462.00,0,
"MSFT Hyd","2025-07-09","POS","TAKEAWAY","337","BEVERAGES","ADDON","Choice of Milk","Regular - Milk -140g Default",2.00,2.00,0.000,0.00,0.00,0.00,0.00,0.00,0,
"MSFT Hyd","2025-07-09","POS","TAKEAWAY","218","FOOD","Quick Bites","Puff & Toastie","Herb Infused Roasted Chicken Toastie",1.00,1.00,200.000,200.00,0.00,200.00,10.00,210.00,0,
"MSFT Hyd","2025-07-09","POS","TAKEAWAY","151","BEVERAGES","ADDON","Choice of Milk","Oat Milk @50",1.00,1.00,50.000,50.00,0.00,50.00,2.50,52.50,0,
"MSFT Hyd","2025-07-09","POS","TAKEAWAY","122","BEVERAGES","Hot Beverages","Hot Chocolate","Guilt-Free Hot Chocolate-Reg",2.00,2.00,170.000,340.00,0.00,340.00,17.00,357.00,0,
"MSFT Hyd","2025-07-09","POS","TAKEAWAY","178","FOOD","Main Course","Pizza","Roasted Tomato Basil Bocconcini Pide",2.00,2.00,253.000,506.00,0.00,506.00,25.30,531.30,0,
"MSFT Hyd","2025-07-09","POS","TAKEAWAY","134","BEVERAGES","Hot Beverages","Island Special-Hot","Mocha Espressione Hot-Med",1.00,1.00,210.000,210.00,0.00,210.00,10.50,220.50,0,
"MSFT Hyd","2025-07-09","POS","TAKEAWAY","138","BEVERAGES","ADDON","Choice of Beans","Master Blend @0",1.00,1.00,0.000,0.00,0.00,0.00,0.00,0.00,0,
"MSFT Hyd","2025-07-09","POS","TAKEAWAY","15","BEVERAGES","Cold Beverages","Cold Brews","Iced Americano-Med",3.00,3.00,160.000,480.00,0.00,480.00,24.00,504.00,0,
"MSFT Hyd","2025-07-09","POS","TAKEAWAY","116","BEVERAGES","Hot Beverages","Hot Chocolate","Signature Belgian Dark Hot Chocolate-Med",4.00,4.00,190.000,760.00,0.00,760.00,38.00,798.00,0,
"MSFT Hyd","2025-07-09","POS","TAKEAWAY","106","BEVERAGES","Hot Beverages","Hot Brews","Cappuccino-reg",12.00,12.00,160.000,1920.00,0.00,1920.00,96.00,2016.00,0,
"MSFT Hyd","2025-07-09","POS","TAKEAWAY","2","BEVERAGES","Cold Beverages","Cold Brews","Iced Latte Signature-Med",7.00,7.00,130.000,910.00,0.00,910.00,45.50,955.50,0,
"MSFT Hyd","2025-07-09","POS","TAKEAWAY","338","BEVERAGES","ADDON","Choice of Milk","Regular - Milk -150g Default",5.00,5.00,0.000,0.00,0.00,0.00,0.00,0.00,0,
"MSFT Hyd","2025-07-09","POS","TAKEAWAY","332","BEVERAGES","ADDON","Choice of Milk","Regular - Milk -90g Default",5.00,5.00,0.000,0.00,0.00,0.00,0.00,0.00,0,
"MSFT Hyd","2025-07-09","POS","TAKEAWAY","237","BEVERAGES","ADDON","Choice of Crema","Salted Caramel Crema - 0  (Default)",8.00,8.00,0.000,0.00,0.00,0.00,0.00,0.00,0,
"MSFT Hyd","2025-07-09","POS","TAKEAWAY","35","BEVERAGES","Cold Beverages","Iced Chocolate","Classic Strawberry Iced Chocolate-Lrg",1.00,1.00,190.000,190.00,0.00,190.00,9.50,199.50,0,
"MSFT Hyd","2025-07-09","POS","TAKEAWAY","112","BEVERAGES","Hot Beverages","Hot Brews","Mocha Cappuccino-reg",12.00,12.00,180.000,2160.00,0.00,2160.00,108.00,2268.00,0,
"MSFT Hyd","2025-07-09","POS","TAKEAWAY","99","BEVERAGES","Hot Beverages","Hot Brews","Americano-reg",1.00,1.00,140.000,140.00,0.00,140.00,7.00,147.00,0,
"MSFT Hyd","2025-07-09","POS","TAKEAWAY","336","BEVERAGES","ADDON","Choice of Milk","Regular - Milk -130g Default",26.00,26.00,0.000,0.00,0.00,0.00,0.00,0.00,0,
"MSFT Hyd","2025-07-09","POS","TAKEAWAY","119","BEVERAGES","Hot Beverages","Hot Chocolate","Classic Strawberry Hot Chocolate-reg",3.00,3.00,170.000,510.00,0.00,510.00,25.50,535.50,0,
"MSFT Hyd","2025-07-09","POS","TAKEAWAY","235","BEVERAGES","ADDON","Choice of Beans","Volcano Blend - (Default)",90.00,90.00,0.000,0.00,0.00,0.00,0.00,0.00,0,
"MSFT Hyd","2025-07-09","POS","TAKEAWAY","339","BEVERAGES","ADDON","Choice of Milk","Regular - Milk -160g Default",11.00,11.00,0.000,0.00,0.00,0.00,0.00,0.00,0,
"MSFT Hyd","2025-07-09","POS","TAKEAWAY","185","FOOD","Desserts","Desserts","Cold Brew Tiramisu",2.00,2.00,253.340,506.68,0.00,506.68,25.34,532.02,0,
"MSFT Hyd","2025-07-09","POS","TAKEAWAY","217","FOOD","Quick Bites","Puff & Toastie","Korean Garlic Mushroom Puff",4.00,4.00,104.460,417.84,0.00,417.84,20.88,438.72,0,
"MSFT Hyd","2025-07-09","POS","TAKEAWAY","240","BEVERAGES","Cold Beverages","Choice of Extra Shot - 50","Extra Shot - Volcano Blend",1.00,1.00,50.000,50.00,0.00,50.00,2.50,52.50,0,
"MSFT Hyd","2025-07-09","POS","TAKEAWAY","94","BEVERAGES","Hot Beverages","Hot Brews","Flat White",2.00,2.00,170.000,340.00,0.00,340.00,17.00,357.00,0,
"MSFT Hyd","2025-07-10","POS","DINE IN","354","NA","Cold Beverages","Food Sampling for Microsoft/Compass","Master Blend",1.00,1.00,0.000,0.00,0.00,0.00,0.00,0.00,0,
"MSFT Hyd","2025-07-10","POS","DINE IN","356","NA","Cold Beverages","Food Sampling for Microsoft/Compass","Regular Milk @160ML",1.00,1.00,0.000,0.00,0.00,0.00,0.00,0.00,0,
"MSFT Hyd","2025-07-10","POS","DINE IN","353","EMP MEAL","Emp Meal","Emp Meal","Emp Meal",5.00,5.00,0.000,0.00,0.00,0.00,0.00,0.00,0,
"MSFT Hyd","2025-07-10","POS","DINE IN","355","NA","Cold Beverages","Food Sampling for Microsoft/Compass","Volcano Blend@54g",1.00,1.00,0.000,0.00,0.00,0.00,0.00,0.00,0,
"MSFT Hyd","2025-07-10","POS","TAKEAWAY","105","BEVERAGES","Hot Beverages","Hot Brews","Cappuccino-Med",8.00,8.00,180.000,1440.00,0.00,1440.00,72.00,1512.00,0,
"MSFT Hyd","2025-07-10","POS","TAKEAWAY","65","BEVERAGES","Cold Beverages","Proffees (Protein + Coffee)","Caremel Proffee (Protein + Coffee)",1.00,1.00,220.000,220.00,0.00,220.00,11.00,231.00,0,
"MSFT Hyd","2025-07-10","POS","TAKEAWAY","343","BEVERAGES","ADDON","Choice of Milk","Regular - Milk -210g Default",1.00,1.00,0.000,0.00,0.00,0.00,0.00,0.00,0,
"MSFT Hyd","2025-07-10","POS","TAKEAWAY","97","BEVERAGES","Hot Beverages","Hot Brews","Hot Latte Signature-reg",7.00,7.00,160.000,1120.00,0.00,1120.00,56.00,1176.00,0,
"MSFT Hyd","2025-07-10","POS","TAKEAWAY","188","FOOD","Desserts","Desserts","Cinnamon & Jaggery Tea Cake",3.00,3.00,147.340,442.02,0.00,442.02,22.11,464.13,0,
"MSFT Hyd","2025-07-10","POS","TAKEAWAY","56","BEVERAGES","Cold Beverages","Milk Shake","Berry Burst Paradise Milkshake-Med",1.00,1.00,190.000,190.00,0.00,190.00,9.50,199.50,0,
"MSFT Hyd","2025-07-10","POS","TAKEAWAY","94","BEVERAGES","Hot Beverages","Hot Brews","Flat White",1.00,1.00,170.000,170.00,0.00,170.00,8.50,178.50,0,
"MSFT Hyd","2025-07-10","POS","TAKEAWAY","234","BEVERAGES","ADDON","Choice of Beans","Master Blend - (Default)",15.00,15.00,0.000,0.00,0.00,0.00,0.00,0.00,0,
"MSFT Hyd","2025-07-10","POS","TAKEAWAY","186","FOOD","Desserts","Desserts","Belgian Chocolate Fudge Brownie",14.00,14.00,104.458,1462.41,0.00,1462.41,73.11,1535.52,0,
"MSFT Hyd","2025-07-10","POS","TAKEAWAY","8","BEVERAGES","Cold Beverages","Cold Brews","Gelato Affagato",3.00,3.00,210.000,630.00,0.00,630.00,31.50,661.50,0,
"MSFT Hyd","2025-07-10","POS","TAKEAWAY","213","FOOD","Quick Bites","Croissant Cookie & Muffin","Sea Salt Caramel Brookie",5.00,5.00,147.340,736.70,0.00,736.70,36.85,773.55,0,
"MSFT Hyd","2025-07-10","POS","TAKEAWAY","187","FOOD","Desserts","Desserts","Nolen Gur Banofee Jar",3.00,3.00,253.340,760.02,0.00,760.02,38.01,798.03,0,
"MSFT Hyd","2025-07-10","POS","TAKEAWAY","121","BEVERAGES","Hot Beverages","Hot Chocolate","Guilt-Free Hot Chocolate-Med",2.00,2.00,190.000,380.00,0.00,380.00,19.00,399.00,0,
"MSFT Hyd","2025-07-10","POS","TAKEAWAY","150","BEVERAGES","ADDON","Choice of Milk","Almond Milk @50",1.00,1.00,50.000,50.00,0.00,50.00,2.50,52.50,0,
"MSFT Hyd","2025-07-10","POS","TAKEAWAY","335","BEVERAGES","ADDON","Choice of Milk","Regular - Milk -120g Default",2.00,2.00,0.000,0.00,0.00,0.00,0.00,0.00,0,
"MSFT Hyd","2025-07-10","POS","TAKEAWAY","167","BEVERAGES","ADDON","Choice of Syrup","Salted Caramel Syrup @50",4.00,4.00,25.000,100.00,0.00,100.00,5.00,105.00,0,
"MSFT Hyd","2025-07-10","POS","TAKEAWAY","210","FOOD","Quick Bites","Croissant Cookie & Muffin","Parker House Cream Pie Croissant",4.00,4.00,147.340,589.36,0.00,589.36,29.48,618.84,0,
"MSFT Hyd","2025-07-10","POS","TAKEAWAY","200","FOOD","Desserts","Gelato","Mango Sorbet Singal Scoop",3.00,3.00,99.000,297.00,0.00,297.00,14.85,311.85,0,
"MSFT Hyd","2025-07-10","POS","TAKEAWAY","220","FOOD","Quick Bites","Puff & Toastie","Herb Chicken Open Puff",3.00,3.00,147.340,442.02,0.00,442.02,22.11,464.13,0,
"MSFT Hyd","2025-07-10","POS","TAKEAWAY","100","BEVERAGES","Hot Beverages","Hot Brews","Americano-Med",3.00,3.00,160.000,480.00,0.00,480.00,24.00,504.00,0,
"MSFT Hyd","2025-07-10","POS","TAKEAWAY","62","BEVERAGES","Cold Beverages","Overnight Brew","Overnite Espresso Classic Brew",1.00,1.00,220.000,220.00,0.00,220.00,11.00,231.00,0,
"MSFT Hyd","2025-07-10","POS","TAKEAWAY","332","BEVERAGES","ADDON","Choice of Milk","Regular - Milk -90g Default",6.00,6.00,0.000,0.00,0.00,0.00,0.00,0.00,0,
"MSFT Hyd","2025-07-10","POS","TAKEAWAY","141","BEVERAGES","ADDON","Choice of Beans","Kenya Single Estate @50",2.00,2.00,50.000,100.00,0.00,100.00,5.00,105.00,0,
"MSFT Hyd","2025-07-10","POS","TAKEAWAY","7","BEVERAGES","Cold Beverages","Cold Brews","Bobastic Coffeeccino-Lrg",2.00,2.00,210.000,420.00,0.00,420.00,21.00,441.00,0,
"MSFT Hyd","2025-07-10","POS","TAKEAWAY","211","FOOD","Quick Bites","Croissant Cookie & Muffin","Double Choco Chunk Cookie",5.00,5.00,104.458,522.29,0.00,522.29,26.11,548.40,0,
"MSFT Hyd","2025-07-10","POS","TAKEAWAY","340","BEVERAGES","ADDON","Choice of Milk","Regular - Milk -170g Default",17.00,17.00,0.000,0.00,0.00,0.00,0.00,0.00,0,
"MSFT Hyd","2025-07-10","POS","TAKEAWAY","344","BEVERAGES","ADDON","Choice of Milk","Regular - Milk -220g Default",18.00,18.00,0.000,0.00,0.00,0.00,0.00,0.00,0,
"MSFT Hyd","2025-07-10","POS","TAKEAWAY","221","FOOD","Quick Bites","Puff & Toastie","Chipotle Paneer Bhurji & Broccomole Toastie",2.00,2.00,253.340,506.68,0.00,506.68,25.34,532.02,0,
"MSFT Hyd","2025-07-10","POS","TAKEAWAY","339","BEVERAGES","ADDON","Choice of Milk","Regular - Milk -160g Default",10.00,10.00,0.000,0.00,0.00,0.00,0.00,0.00,0,
"MSFT Hyd","2025-07-10","POS","TAKEAWAY","48","BEVERAGES","Cold Beverages","Island Special-Cold","Freddo Cappuccino-Lrg",1.00,1.00,190.000,190.00,0.00,190.00,9.50,199.50,0,
"MSFT Hyd","2025-07-10","POS","TAKEAWAY","3","BEVERAGES","Cold Beverages","Cold Brews","Iced Latte Signature-Lrg",9.00,9.00,150.000,1350.00,0.00,1350.00,67.50,1417.50,0,
"MSFT Hyd","2025-07-10","POS","TAKEAWAY","137","BEVERAGES","ADDON","Choice of Beans","Volcano Blend@0",1.00,1.00,0.000,0.00,0.00,0.00,0.00,0.00,0,
"MSFT Hyd","2025-07-10","POS","TAKEAWAY","337","BEVERAGES","ADDON","Choice of Milk","Regular - Milk -140g Default",5.00,5.00,0.000,0.00,0.00,0.00,0.00,0.00,0,
"MSFT Hyd","2025-07-10","POS","TAKEAWAY","185","FOOD","Desserts","Desserts","Cold Brew Tiramisu",4.00,4.00,253.340,1013.36,0.00,1013.36,50.68,1064.04,0,
"MSFT Hyd","2025-07-10","POS","TAKEAWAY","33","BEVERAGES","Cold Beverages","Iced Chocolate","Guilt-Free Iced Chocolate-Med",1.00,1.00,170.000,170.00,0.00,170.00,8.50,178.50,0,
"MSFT Hyd","2025-07-10","POS","TAKEAWAY","53","BEVERAGES","Cold Beverages","Milk Shake","Double Chocolate Indulgent Milkshake-Lrg",1.00,1.00,210.000,210.00,0.00,210.00,10.50,220.50,0,
"MSFT Hyd","2025-07-10","POS","TAKEAWAY","106","BEVERAGES","Hot Beverages","Hot Brews","Cappuccino-reg",10.00,10.00,160.000,1600.00,0.00,1600.00,80.00,1680.00,0,
"MSFT Hyd","2025-07-10","POS","TAKEAWAY","173","FOOD","Main Course","Hand Made Sandwiches","Mushroom & Scrambled Egg White Broccomole Bagel",2.00,2.00,253.340,506.68,0.00,506.68,25.34,532.02,0,
"MSFT Hyd","2025-07-10","POS","TAKEAWAY","39","BEVERAGES","Cold Beverages","Iced Chocolate","Dreamy Hazelnut Iced Chocolate-Med",1.00,1.00,170.000,170.00,0.00,170.00,8.50,178.50,0,
"MSFT Hyd","2025-07-10","POS","TAKEAWAY","110","BEVERAGES","Hot Beverages","Hot Brews","Machiato (Single)",2.00,2.00,140.000,280.00,0.00,280.00,14.00,294.00,0,
"MSFT Hyd","2025-07-10","POS","TAKEAWAY","78","BEVERAGES","Cold Beverages","Refresh","Bobastic Peach Paradise Refresh Tea-Med",1.00,1.00,190.000,190.00,0.00,190.00,9.50,199.50,0,
"MSFT Hyd","2025-07-10","POS","TAKEAWAY","10","BEVERAGES","Cold Beverages","Cold Brews","Islander Cold Coffee-Lrg",26.00,26.00,190.000,4940.00,0.00,4940.00,247.00,5187.00,0,
"MSFT Hyd","2025-07-10","POS","TAKEAWAY","135","BEVERAGES","Hot Beverages","Island Special-Hot","Mocha Espressione Hot-reg",5.00,5.00,190.000,950.00,0.00,950.00,47.50,997.50,0,
"MSFT Hyd","2025-07-10","POS","TAKEAWAY","240","BEVERAGES","Cold Beverages","Choice of Extra Shot - 50","Extra Shot - Volcano Blend",1.00,1.00,50.000,50.00,0.00,50.00,2.50,52.50,0,
"MSFT Hyd","2025-07-10","POS","TAKEAWAY","140","BEVERAGES","ADDON","Choice of Beans","Ethiopia Blend @25",1.00,1.00,25.000,25.00,0.00,25.00,1.25,26.25,0,
"MSFT Hyd","2025-07-10","POS","TAKEAWAY","52","BEVERAGES","Cold Beverages","Milk Shake","Double Chocolate Indulgent Milkshake-Med",2.00,2.00,190.000,380.00,0.00,380.00,19.00,399.00,0,
"MSFT Hyd","2025-07-10","POS","TAKEAWAY","216","FOOD","Quick Bites","Croissant Cookie & Muffin","White Chocolate & Pistachio Flat Croissant",2.00,2.00,147.340,294.68,0.00,294.68,14.74,309.42,0,
"MSFT Hyd","2025-07-10","POS","TAKEAWAY","2","BEVERAGES","Cold Beverages","Cold Brews","Iced Latte Signature-Med",9.00,9.00,130.000,1170.00,0.00,1170.00,58.50,1228.50,0,
"MSFT Hyd","2025-07-10","POS","TAKEAWAY","4","BEVERAGES","Cold Beverages","Cold Brews","Fizzy Espressione (Tonic Water)",1.00,1.00,220.000,220.00,0.00,220.00,11.00,231.00,0,
"MSFT Hyd","2025-07-10","POS","TAKEAWAY","205","FOOD","Desserts","Gelato","French Vanilla Single Scoop",3.00,3.00,99.000,297.00,0.00,297.00,14.85,311.85,0,
"MSFT Hyd","2025-07-10","POS","TAKEAWAY","209","FOOD","Desserts","Gelato","Dark Chocolate SSC Single Scoop",3.00,3.00,99.000,297.00,0.00,297.00,14.85,311.85,0,
"MSFT Hyd","2025-07-10","POS","TAKEAWAY","165","BEVERAGES","ADDON","Choice of Syrup","Irish Syrup @50",3.00,3.00,25.000,75.00,0.00,75.00,3.75,78.75,0,
"MSFT Hyd","2025-07-10","POS","TAKEAWAY","38","BEVERAGES","Cold Beverages","Iced Chocolate","Dreamy Hazelnut Iced Chocolate-Lrg",7.00,7.00,190.000,1330.00,0.00,1330.00,66.50,1396.50,0,
"MSFT Hyd","2025-07-10","POS","TAKEAWAY","99","BEVERAGES","Hot Beverages","Hot Brews","Americano-reg",4.00,4.00,140.000,560.00,0.00,560.00,28.00,588.00,0,
"MSFT Hyd","2025-07-10","POS","TAKEAWAY","212","FOOD","Quick Bites","Croissant Cookie & Muffin","French Butter Croissant",2.00,2.00,104.460,208.92,0.00,208.92,10.44,219.36,0,
"MSFT Hyd","2025-07-10","POS","TAKEAWAY","341","BEVERAGES","ADDON","Choice of Milk","Regular - Milk -180g Default",2.00,2.00,0.000,0.00,0.00,0.00,0.00,0.00,0,
"MSFT Hyd","2025-07-10","POS","TAKEAWAY","32","BEVERAGES","Cold Beverages","Iced Chocolate","Guilt-Free Iced Chocolate-Lrg",3.00,3.00,190.000,570.00,0.00,570.00,28.50,598.50,0,
"MSFT Hyd","2025-07-10","POS","TAKEAWAY","196","FOOD","Desserts","Gelato","Belgian Chocolate Singal Scoop",5.00,5.00,99.000,495.00,0.00,495.00,24.75,519.75,0,
"MSFT Hyd","2025-07-10","POS","TAKEAWAY","116","BEVERAGES","Hot Beverages","Hot Chocolate","Signature Belgian Dark Hot Chocolate-Med",4.00,4.00,190.000,760.00,0.00,760.00,38.00,798.00,0,
"MSFT Hyd","2025-07-10","POS","TAKEAWAY","63","BEVERAGES","Cold Beverages","Proffees (Protein + Coffee)","Cookie & Cream Proffee (Protein + Coffee)",2.00,2.00,220.000,440.00,0.00,440.00,22.00,462.00,0,
"MSFT Hyd","2025-07-10","POS","TAKEAWAY","219","FOOD","Quick Bites","Puff & Toastie","Peri Peri Cheese Toastie",3.00,3.00,200.000,600.00,0.00,600.00,30.00,630.00,0,
"MSFT Hyd","2025-07-10","POS","TAKEAWAY","41","BEVERAGES","Cold Beverages","Island Special-Cold","Freddo Espresso Ristretto-Lrg",1.00,1.00,210.000,210.00,0.00,210.00,10.50,220.50,0,
"MSFT Hyd","2025-07-10","POS","TAKEAWAY","189","FOOD","Desserts","Desserts","New York Cheesecake",4.00,4.00,253.340,1013.36,0.00,1013.36,50.68,1064.04,0,
"MSFT Hyd","2025-07-10","POS","TAKEAWAY","237","BEVERAGES","ADDON","Choice of Crema","Salted Caramel Crema - 0  (Default)",7.00,7.00,0.000,0.00,0.00,0.00,0.00,0.00,0,
"MSFT Hyd","2025-07-10","POS","TAKEAWAY","61","BEVERAGES","Cold Beverages","Overnight Brew","Overnite Espresso Vietnamese Brew",2.00,2.00,220.000,440.00,0.00,440.00,22.00,462.00,0,
"MSFT Hyd","2025-07-10","POS","TAKEAWAY","342","BEVERAGES","ADDON","Choice of Milk","Regular - Milk -200g Default",17.00,17.00,0.000,0.00,0.00,0.00,0.00,0.00,0,
"MSFT Hyd","2025-07-10","POS","TAKEAWAY","336","BEVERAGES","ADDON","Choice of Milk","Regular - Milk -130g Default",10.00,10.00,0.000,0.00,0.00,0.00,0.00,0.00,0,
"MSFT Hyd","2025-07-10","POS","TAKEAWAY","125","BEVERAGES","Hot Beverages","Hot Chocolate","Hazelnut Indulgent Hot Chocolate-Med",2.00,2.00,190.000,380.00,0.00,380.00,19.00,399.00,0,
"MSFT Hyd","2025-07-10","POS","TAKEAWAY","166","BEVERAGES","ADDON","Choice of Syrup","Hazelnut Syrup @50",3.00,3.00,25.000,75.00,0.00,75.00,3.75,78.75,0,
"MSFT Hyd","2025-07-10","POS","TAKEAWAY","50","BEVERAGES","Cold Beverages","Island Special-Cold","Iced Vietneamese Shakerato",7.00,7.00,220.000,1540.00,0.00,1540.00,77.00,1617.00,0,
"MSFT Hyd","2025-07-10","POS","TAKEAWAY","124","BEVERAGES","Hot Beverages","Hot Chocolate","Hazelnut Indulgent Hot Chocolate-Reg",4.00,4.00,170.000,680.00,0.00,680.00,34.00,714.00,0,
"MSFT Hyd","2025-07-10","POS","TAKEAWAY","184","FOOD","Main Course","Wholesome Wrap","Smoked Cottage Cheese Wrap",1.00,1.00,253.340,253.34,0.00,253.34,12.67,266.01,0,
"MSFT Hyd","2025-07-10","POS","TAKEAWAY","338","BEVERAGES","ADDON","Choice of Milk","Regular - Milk -150g Default",5.00,5.00,0.000,0.00,0.00,0.00,0.00,0.00,0,
"MSFT Hyd","2025-07-10","POS","TAKEAWAY","96","BEVERAGES","Hot Beverages","Hot Brews","Hot Latte Signature-Med",7.00,7.00,180.000,1260.00,0.00,1260.00,63.00,1323.00,0,
"MSFT Hyd","2025-07-10","POS","TAKEAWAY","64","BEVERAGES","Cold Beverages","Proffees (Protein + Coffee)","Espresso Proffee (Protein + Coffee)",2.00,2.00,220.000,440.00,0.00,440.00,22.00,462.00,0,
"MSFT Hyd","2025-07-10","POS","TAKEAWAY","151","BEVERAGES","ADDON","Choice of Milk","Oat Milk @50",2.00,2.00,50.000,100.00,0.00,100.00,5.00,105.00,0,
"MSFT Hyd","2025-07-10","POS","TAKEAWAY","6","BEVERAGES","Cold Beverages","Cold Brews","Bobastic Coffeeccino-Med",6.00,6.00,190.000,1140.00,0.00,1140.00,57.00,1197.00,0,
"MSFT Hyd","2025-07-10","POS","TAKEAWAY","139","BEVERAGES","ADDON","Choice of Beans","Kenya Blend @25",1.00,1.00,25.000,25.00,0.00,25.00,1.25,26.25,0,
"MSFT Hyd","2025-07-10","POS","TAKEAWAY","15","BEVERAGES","Cold Beverages","Cold Brews","Iced Americano-Med",2.00,2.00,160.000,320.00,0.00,320.00,16.00,336.00,0,
"MSFT Hyd","2025-07-10","POS","TAKEAWAY","14","BEVERAGES","Cold Beverages","Cold Brews","Iced Americano-Lrg",5.00,5.00,180.000,900.00,0.00,900.00,45.00,945.00,0,
"MSFT Hyd","2025-07-10","POS","TAKEAWAY","134","BEVERAGES","Hot Beverages","Island Special-Hot","Mocha Espressione Hot-Med",1.00,1.00,210.000,210.00,0.00,210.00,10.50,220.50,0,
"MSFT Hyd","2025-07-10","POS","TAKEAWAY","170","FOOD","Main Course","Hand Made Sandwiches","Roasted Tomato & Bocconcini Croissant",5.00,5.00,253.340,1266.70,0.00,1266.70,63.35,1330.05,0,
"MSFT Hyd","2025-07-10","POS","TAKEAWAY","122","BEVERAGES","Hot Beverages","Hot Chocolate","Guilt-Free Hot Chocolate-Reg",3.00,3.00,170.000,510.00,0.00,510.00,25.50,535.50,0,
"MSFT Hyd","2025-07-10","POS","TAKEAWAY","217","FOOD","Quick Bites","Puff & Toastie","Korean Garlic Mushroom Puff",7.00,7.00,104.460,731.22,0.00,731.22,36.54,767.76,0,
"MSFT Hyd","2025-07-10","POS","TAKEAWAY","235","BEVERAGES","ADDON","Choice of Beans","Volcano Blend - (Default)",102.00,102.00,0.000,0.00,0.00,0.00,0.00,0.00,0,
"MSFT Hyd","2025-07-10","POS","TAKEAWAY","11","BEVERAGES","Cold Beverages","Cold Brews","Islander Cold Coffee-Med",10.00,10.00,180.000,1800.00,0.00,1800.00,90.00,1890.00,0,
"MSFT Hyd","2025-07-11","POS","DINE IN","355","NA","Cold Beverages","Food Sampling for Microsoft/Compass","Volcano Blend@54g",1.00,1.00,0.000,0.00,0.00,0.00,0.00,0.00,0,
"MSFT Hyd","2025-07-11","POS","DINE IN","356","NA","Cold Beverages","Food Sampling for Microsoft/Compass","Regular Milk @160ML",1.00,1.00,0.000,0.00,0.00,0.00,0.00,0.00,0,
"MSFT Hyd","2025-07-11","POS","DINE IN","354","NA","Cold Beverages","Food Sampling for Microsoft/Compass","Master Blend",1.00,1.00,0.000,0.00,0.00,0.00,0.00,0.00,0,
"MSFT Hyd","2025-07-11","POS","TAKEAWAY","154","BEVERAGES","ADDON","Choice of Boba","Coffee Popping Boba - 50",2.00,2.00,50.000,100.00,0.00,100.00,5.00,105.00,0,
"MSFT Hyd","2025-07-11","POS","TAKEAWAY","8","BEVERAGES","Cold Beverages","Cold Brews","Gelato Affagato",4.00,4.00,210.000,840.00,0.00,840.00,42.00,882.00,0,
"MSFT Hyd","2025-07-11","POS","TAKEAWAY","77","BEVERAGES","Cold Beverages","Refresh","Bobastic Peach Paradise Refresh Tea-Lrg",1.00,1.00,210.000,210.00,0.00,210.00,10.50,220.50,0,
"MSFT Hyd","2025-07-11","POS","TAKEAWAY","6","BEVERAGES","Cold Beverages","Cold Brews","Bobastic Coffeeccino-Med",13.00,13.00,190.000,2470.00,0.00,2470.00,123.50,2593.50,0,
"MSFT Hyd","2025-07-11","POS","TAKEAWAY","52","BEVERAGES","Cold Beverages","Milk Shake","Double Chocolate Indulgent Milkshake-Med",3.00,3.00,190.000,570.00,0.00,570.00,28.50,598.50,0,
"MSFT Hyd","2025-07-11","POS","TAKEAWAY","35","BEVERAGES","Cold Beverages","Iced Chocolate","Classic Strawberry Iced Chocolate-Lrg",3.00,3.00,190.000,570.00,0.00,570.00,28.50,598.50,0,
"MSFT Hyd","2025-07-11","POS","TAKEAWAY","17","BEVERAGES","Cold Beverages","Granita","Slushed Pineapple Mango Sunshine Granita-Med",1.00,1.00,170.000,170.00,0.00,170.00,8.50,178.50,0,
"MSFT Hyd","2025-07-11","POS","TAKEAWAY","105","BEVERAGES","Hot Beverages","Hot Brews","Cappuccino-Med",11.00,11.00,180.000,1980.00,0.00,1980.00,99.00,2079.00,0,
"MSFT Hyd","2025-07-11","POS","TAKEAWAY","167","BEVERAGES","ADDON","Choice of Syrup","Salted Caramel Syrup @50",2.00,2.00,25.000,50.00,0.00,50.00,2.50,52.50,0,
"MSFT Hyd","2025-07-11","POS","TAKEAWAY","338","BEVERAGES","ADDON","Choice of Milk","Regular - Milk -150g Default",6.00,6.00,0.000,0.00,0.00,0.00,0.00,0.00,0,
"MSFT Hyd","2025-07-11","POS","TAKEAWAY","150","BEVERAGES","ADDON","Choice of Milk","Almond Milk @50",3.00,3.00,50.000,150.00,0.00,150.00,7.50,157.50,0,
"MSFT Hyd","2025-07-11","POS","TAKEAWAY","342","BEVERAGES","ADDON","Choice of Milk","Regular - Milk -200g Default",16.00,16.00,0.000,0.00,0.00,0.00,0.00,0.00,0,
"MSFT Hyd","2025-07-11","POS","TAKEAWAY","219","FOOD","Quick Bites","Puff & Toastie","Peri Peri Cheese Toastie",1.00,1.00,200.000,200.00,0.00,200.00,10.00,210.00,0,
"MSFT Hyd","2025-07-11","POS","TAKEAWAY","86","BEVERAGES","Hot Beverages","Alternative Brews","Island Pour Over",1.00,1.00,210.000,210.00,0.00,210.00,10.50,220.50,0,
"MSFT Hyd","2025-07-11","POS","TAKEAWAY","115","BEVERAGES","Hot Beverages","Hot Chocolate","Signature Belgian Dark Hot Chocolate-reg",5.00,5.00,170.000,850.00,0.00,850.00,42.50,892.50,0,
"MSFT Hyd","2025-07-11","POS","TAKEAWAY","184","FOOD","Main Course","Wholesome Wrap","Smoked Cottage Cheese Wrap",3.00,3.00,253.340,760.02,0.00,760.02,38.01,798.03,0,
"MSFT Hyd","2025-07-11","POS","TAKEAWAY","87","BEVERAGES","Hot Beverages","Alternative Brews","Chemex",2.00,2.00,210.000,420.00,0.00,420.00,21.00,441.00,0,
"MSFT Hyd","2025-07-11","POS","TAKEAWAY","173","FOOD","Main Course","Hand Made Sandwiches","Mushroom & Scrambled Egg White Broccomole Bagel",1.00,1.00,253.340,253.34,0.00,253.34,12.67,266.01,0,
"MSFT Hyd","2025-07-11","POS","TAKEAWAY","94","BEVERAGES","Hot Beverages","Hot Brews","Flat White",1.00,1.00,170.000,170.00,0.00,170.00,8.50,178.50,0,
"MSFT Hyd","2025-07-11","POS","TAKEAWAY","340","BEVERAGES","ADDON","Choice of Milk","Regular - Milk -170g Default",17.00,17.00,0.000,0.00,0.00,0.00,0.00,0.00,0,
"MSFT Hyd","2025-07-11","POS","TAKEAWAY","15","BEVERAGES","Cold Beverages","Cold Brews","Iced Americano-Med",2.00,2.00,160.000,320.00,0.00,320.00,16.00,336.00,0,
"MSFT Hyd","2025-07-11","POS","TAKEAWAY","45","BEVERAGES","Cold Beverages","Island Special-Cold","Mocha Espressione Cold-Med",4.00,4.00,190.000,760.00,0.00,760.00,38.00,798.00,0,
"MSFT Hyd","2025-07-11","POS","TAKEAWAY","200","FOOD","Desserts","Gelato","Mango Sorbet Singal Scoop",3.00,3.00,99.000,297.00,0.00,297.00,14.85,311.85,0,
"MSFT Hyd","2025-07-11","POS","TAKEAWAY","174","FOOD","Main Course","Hand Made Sandwiches","Garlic Mushroom & Caramelized Onion Melt",3.00,3.00,253.340,760.02,0.00,760.02,38.01,798.03,0,
"MSFT Hyd","2025-07-11","POS","TAKEAWAY","146","BEVERAGES","ADDON","Choice of Beans","Ethiopia Single Estate 20g@Default",4.00,4.00,0.000,0.00,0.00,0.00,0.00,0.00,0,
"MSFT Hyd","2025-07-11","POS","TAKEAWAY","122","BEVERAGES","Hot Beverages","Hot Chocolate","Guilt-Free Hot Chocolate-Reg",3.00,3.00,170.000,510.00,0.00,510.00,25.50,535.50,0,
"MSFT Hyd","2025-07-11","POS","TAKEAWAY","205","FOOD","Desserts","Gelato","French Vanilla Single Scoop",6.00,6.00,99.000,594.00,0.00,594.00,29.70,623.70,0,
"MSFT Hyd","2025-07-11","POS","TAKEAWAY","343","BEVERAGES","ADDON","Choice of Milk","Regular - Milk -210g Default",1.00,1.00,0.000,0.00,0.00,0.00,0.00,0.00,0,
"MSFT Hyd","2025-07-11","POS","TAKEAWAY","187","FOOD","Desserts","Desserts","Nolen Gur Banofee Jar",2.00,2.00,253.340,506.68,0.00,506.68,25.34,532.02,0,
"MSFT Hyd","2025-07-11","POS","TAKEAWAY","166","BEVERAGES","ADDON","Choice of Syrup","Hazelnut Syrup @50",9.00,9.00,25.000,225.00,0.00,225.00,11.25,236.25,0,
"MSFT Hyd","2025-07-11","POS","TAKEAWAY","130","BEVERAGES","Hot Beverages","Hot Tea","Indian Masala Tea",1.00,1.00,170.000,170.00,0.00,170.00,8.50,178.50,0,
"MSFT Hyd","2025-07-11","POS","TAKEAWAY","165","BEVERAGES","ADDON","Choice of Syrup","Irish Syrup @50",2.00,2.00,25.000,50.00,0.00,50.00,2.50,52.50,0,
"MSFT Hyd","2025-07-11","POS","TAKEAWAY","341","BEVERAGES","ADDON","Choice of Milk","Regular - Milk -180g Default",5.00,5.00,0.000,0.00,0.00,0.00,0.00,0.00,0,
"MSFT Hyd","2025-07-11","POS","TAKEAWAY","235","BEVERAGES","ADDON","Choice of Beans","Volcano Blend - (Default)",133.00,133.00,0.000,0.00,0.00,0.00,0.00,0.00,0,
"MSFT Hyd","2025-07-11","POS","TAKEAWAY","4","BEVERAGES","Cold Beverages","Cold Brews","Fizzy Espressione (Tonic Water)",1.00,1.00,220.000,220.00,0.00,220.00,11.00,231.00,0,
"MSFT Hyd","2025-07-11","POS","TAKEAWAY","10","BEVERAGES","Cold Beverages","Cold Brews","Islander Cold Coffee-Lrg",41.00,41.00,190.000,7790.00,0.00,7790.00,389.50,8179.50,0,
"MSFT Hyd","2025-07-11","POS","TAKEAWAY","32","BEVERAGES","Cold Beverages","Iced Chocolate","Guilt-Free Iced Chocolate-Lrg",2.00,2.00,190.000,380.00,0.00,380.00,19.00,399.00,0,
"MSFT Hyd","2025-07-11","POS","TAKEAWAY","214","FOOD","Quick Bites","Croissant Cookie & Muffin","Oats & Honey Delight Muffin",1.00,1.00,200.000,200.00,0.00,200.00,10.00,210.00,0,
"MSFT Hyd","2025-07-11","POS","TAKEAWAY","106","BEVERAGES","Hot Beverages","Hot Brews","Cappuccino-reg",15.00,15.00,160.000,2400.00,0.00,2400.00,120.00,2520.00,0,
"MSFT Hyd","2025-07-11","POS","TAKEAWAY","53","BEVERAGES","Cold Beverages","Milk Shake","Double Chocolate Indulgent Milkshake-Lrg",1.00,1.00,210.000,210.00,0.00,210.00,10.50,220.50,0,
"MSFT Hyd","2025-07-11","POS","TAKEAWAY","186","FOOD","Desserts","Desserts","Belgian Chocolate Fudge Brownie",19.00,19.00,104.460,1984.74,0.00,1984.74,99.18,2083.92,0,
"MSFT Hyd","2025-07-11","POS","TAKEAWAY","97","BEVERAGES","Hot Beverages","Hot Brews","Hot Latte Signature-reg",6.00,6.00,160.000,960.00,0.00,960.00,48.00,1008.00,0,
"MSFT Hyd","2025-07-11","POS","TAKEAWAY","191","FOOD","Desserts","Desserts","Berry & Honey Yogurt Jar",1.00,1.00,253.340,253.34,0.00,253.34,12.67,266.01,0,
"MSFT Hyd","2025-07-11","POS","TAKEAWAY","56","BEVERAGES","Cold Beverages","Milk Shake","Berry Burst Paradise Milkshake-Med",1.00,1.00,190.000,190.00,0.00,190.00,9.50,199.50,0,
"MSFT Hyd","2025-07-11","POS","TAKEAWAY","12","BEVERAGES","Cold Beverages","Cold Brews","Fizzy Espressione (Gingerale)",1.00,1.00,210.000,210.00,0.00,210.00,10.50,220.50,0,
"MSFT Hyd","2025-07-11","POS","TAKEAWAY","210","FOOD","Quick Bites","Croissant Cookie & Muffin","Parker House Cream Pie Croissant",1.00,1.00,147.340,147.34,0.00,147.34,7.37,154.71,0,
"MSFT Hyd","2025-07-11","POS","TAKEAWAY","78","BEVERAGES","Cold Beverages","Refresh","Bobastic Peach Paradise Refresh Tea-Med",1.00,1.00,190.000,190.00,0.00,190.00,9.50,199.50,0,
"MSFT Hyd","2025-07-11","POS","TAKEAWAY","188","FOOD","Desserts","Desserts","Cinnamon & Jaggery Tea Cake",6.00,6.00,147.340,884.04,0.00,884.04,44.22,928.26,0,
"MSFT Hyd","2025-07-11","POS","TAKEAWAY","149","BEVERAGES","ADDON","Choice of Milk","Soya Milk @50",1.00,1.00,50.000,50.00,0.00,50.00,2.50,52.50,0,
"MSFT Hyd","2025-07-11","POS","TAKEAWAY","29","BEVERAGES","Cold Beverages","Iced Chocolate","Classic Iced Chocolate-Lrg",1.00,1.00,190.000,190.00,0.00,190.00,9.50,199.50,0,
"MSFT Hyd","2025-07-11","POS","TAKEAWAY","332","BEVERAGES","ADDON","Choice of Milk","Regular - Milk -90g Default",13.00,13.00,0.000,0.00,0.00,0.00,0.00,0.00,0,
"MSFT Hyd","2025-07-11","POS","TAKEAWAY","237","BEVERAGES","ADDON","Choice of Crema","Salted Caramel Crema - 0  (Default)",13.00,13.00,0.000,0.00,0.00,0.00,0.00,0.00,0,
"MSFT Hyd","2025-07-11","POS","TAKEAWAY","48","BEVERAGES","Cold Beverages","Island Special-Cold","Freddo Cappuccino-Lrg",2.00,2.00,190.000,380.00,0.00,380.00,19.00,399.00,0,
"MSFT Hyd","2025-07-11","POS","TAKEAWAY","125","BEVERAGES","Hot Beverages","Hot Chocolate","Hazelnut Indulgent Hot Chocolate-Med",9.00,9.00,190.000,1710.00,0.00,1710.00,85.50,1795.50,0,
"MSFT Hyd","2025-07-11","POS","TAKEAWAY","61","BEVERAGES","Cold Beverages","Overnight Brew","Overnite Espresso Vietnamese Brew",1.00,1.00,220.000,220.00,0.00,220.00,11.00,231.00,0,
"MSFT Hyd","2025-07-11","POS","TAKEAWAY","218","FOOD","Quick Bites","Puff & Toastie","Herb Infused Roasted Chicken Toastie",1.00,1.00,200.000,200.00,0.00,200.00,10.00,210.00,0,
"MSFT Hyd","2025-07-11","POS","TAKEAWAY","116","BEVERAGES","Hot Beverages","Hot Chocolate","Signature Belgian Dark Hot Chocolate-Med",13.00,13.00,190.000,2470.00,0.00,2470.00,123.50,2593.50,0,
"MSFT Hyd","2025-07-11","POS","TAKEAWAY","234","BEVERAGES","ADDON","Choice of Beans","Master Blend - (Default)",10.00,10.00,0.000,0.00,0.00,0.00,0.00,0.00,0,
"MSFT Hyd","2025-07-11","POS","TAKEAWAY","240","BEVERAGES","Cold Beverages","Choice of Extra Shot - 50","Extra Shot - Volcano Blend",2.00,2.00,50.000,100.00,0.00,100.00,5.00,105.00,0,
"MSFT Hyd","2025-07-11","POS","TAKEAWAY","50","BEVERAGES","Cold Beverages","Island Special-Cold","Iced Vietneamese Shakerato",3.00,3.00,220.000,660.00,0.00,660.00,33.00,693.00,0,
"MSFT Hyd","2025-07-11","POS","TAKEAWAY","189","FOOD","Desserts","Desserts","New York Cheesecake",1.00,1.00,253.340,253.34,0.00,253.34,12.67,266.01,0,
"MSFT Hyd","2025-07-11","POS","TAKEAWAY","92","BEVERAGES","Hot Beverages","Hot Brews","Espresso (Single)",2.00,2.00,130.000,260.00,0.00,260.00,13.00,273.00,0,
"MSFT Hyd","2025-07-11","POS","TAKEAWAY","139","BEVERAGES","ADDON","Choice of Beans","Kenya Blend @25",1.00,1.00,25.000,25.00,0.00,25.00,1.25,26.25,0,
"MSFT Hyd","2025-07-11","POS","TAKEAWAY","136","BEVERAGES","Hot Beverages","Island Special-Hot","Spanish Bombon (Small)",1.00,1.00,220.000,220.00,0.00,220.00,11.00,231.00,0,
"MSFT Hyd","2025-07-11","POS","TAKEAWAY","221","FOOD","Quick Bites","Puff & Toastie","Chipotle Paneer Bhurji & Broccomole Toastie",1.00,1.00,253.340,253.34,0.00,253.34,12.67,266.01,0,
"MSFT Hyd","2025-07-11","POS","TAKEAWAY","212","FOOD","Quick Bites","Croissant Cookie & Muffin","French Butter Croissant",2.00,2.00,104.460,208.92,0.00,208.92,10.44,219.36,0,
"MSFT Hyd","2025-07-11","POS","TAKEAWAY","142","BEVERAGES","ADDON","Choice of Beans","Ethiopia Single Estate @50",1.00,1.00,50.000,50.00,0.00,50.00,2.50,52.50,0,
"MSFT Hyd","2025-07-11","POS","TAKEAWAY","88","BEVERAGES","Hot Beverages","Alternative Brews","Aero Press",1.00,1.00,210.000,210.00,0.00,210.00,10.50,220.50,0,
"MSFT Hyd","2025-07-11","POS","TAKEAWAY","190","FOOD","Desserts","Desserts","Pecan & Date Tea Cake",3.00,3.00,200.000,600.00,0.00,600.00,30.00,630.00,0,
"MSFT Hyd","2025-07-11","POS","TAKEAWAY","196","FOOD","Desserts","Gelato","Belgian Chocolate Singal Scoop",9.00,9.00,99.000,891.00,0.00,891.00,44.55,935.55,0,
"MSFT Hyd","2025-07-11","POS","TAKEAWAY","96","BEVERAGES","Hot Beverages","Hot Brews","Hot Latte Signature-Med",2.00,2.00,180.000,360.00,0.00,360.00,18.00,378.00,0,
"MSFT Hyd","2025-07-11","POS","TAKEAWAY","344","BEVERAGES","ADDON","Choice of Milk","Regular - Milk -220g Default",50.00,50.00,0.000,0.00,0.00,0.00,0.00,0.00,0,
"MSFT Hyd","2025-07-11","POS","TAKEAWAY","336","BEVERAGES","ADDON","Choice of Milk","Regular - Milk -130g Default",14.00,14.00,0.000,0.00,0.00,0.00,0.00,0.00,0,
"MSFT Hyd","2025-07-11","POS","TAKEAWAY","7","BEVERAGES","Cold Beverages","Cold Brews","Bobastic Coffeeccino-Lrg",5.00,5.00,210.000,1050.00,0.00,1050.00,52.50,1102.50,0,
"MSFT Hyd","2025-07-11","POS","TAKEAWAY","213","FOOD","Quick Bites","Croissant Cookie & Muffin","Sea Salt Caramel Brookie",7.00,7.00,147.340,1031.38,0.00,1031.38,51.59,1082.97,0,
"MSFT Hyd","2025-07-11","POS","TAKEAWAY","63","BEVERAGES","Cold Beverages","Proffees (Protein + Coffee)","Cookie & Cream Proffee (Protein + Coffee)",6.00,6.00,220.000,1320.00,0.00,1320.00,66.00,1386.00,0,
"MSFT Hyd","2025-07-11","POS","TAKEAWAY","118","BEVERAGES","Hot Beverages","Hot Chocolate","Classic Strawberry Hot Chocolate-Med",2.00,2.00,190.000,380.00,0.00,380.00,19.00,399.00,0,
"MSFT Hyd","2025-07-11","POS","TAKEAWAY","3","BEVERAGES","Cold Beverages","Cold Brews","Iced Latte Signature-Lrg",10.00,10.00,150.000,1500.00,0.00,1500.00,75.00,1575.00,0,
"MSFT Hyd","2025-07-11","POS","TAKEAWAY","124","BEVERAGES","Hot Beverages","Hot Chocolate","Hazelnut Indulgent Hot Chocolate-Reg",1.00,1.00,170.000,170.00,0.00,170.00,8.50,178.50,0,
"MSFT Hyd","2025-07-11","POS","TAKEAWAY","38","BEVERAGES","Cold Beverages","Iced Chocolate","Dreamy Hazelnut Iced Chocolate-Lrg",11.00,11.00,190.000,2090.00,0.00,2090.00,104.50,2194.50,0,
"MSFT Hyd","2025-07-11","POS","TAKEAWAY","209","FOOD","Desserts","Gelato","Dark Chocolate SSC Single Scoop",10.00,10.00,99.000,990.00,0.00,990.00,49.50,1039.50,0,
"MSFT Hyd","2025-07-11","POS","TAKEAWAY","333","BEVERAGES","ADDON","Choice of Milk","Regular - Milk -100g Default",4.00,4.00,0.000,0.00,0.00,0.00,0.00,0.00,0,
"MSFT Hyd","2025-07-11","POS","TAKEAWAY","11","BEVERAGES","Cold Beverages","Cold Brews","Islander Cold Coffee-Med",12.00,12.00,180.000,2160.00,0.00,2160.00,108.00,2268.00,0,
"MSFT Hyd","2025-07-11","POS","TAKEAWAY","337","BEVERAGES","ADDON","Choice of Milk","Regular - Milk -140g Default",9.00,9.00,0.000,0.00,0.00,0.00,0.00,0.00,0,
"MSFT Hyd","2025-07-11","POS","TAKEAWAY","121","BEVERAGES","Hot Beverages","Hot Chocolate","Guilt-Free Hot Chocolate-Med",9.00,9.00,190.000,1710.00,0.00,1710.00,85.50,1795.50,0,
"MSFT Hyd","2025-07-11","POS","TAKEAWAY","134","BEVERAGES","Hot Beverages","Island Special-Hot","Mocha Espressione Hot-Med",4.00,4.00,210.000,840.00,0.00,840.00,42.00,882.00,0,
"MSFT Hyd","2025-07-11","POS","TAKEAWAY","339","BEVERAGES","ADDON","Choice of Milk","Regular - Milk -160g Default",13.00,13.00,0.000,0.00,0.00,0.00,0.00,0.00,0,
"MSFT Hyd","2025-07-11","POS","TAKEAWAY","211","FOOD","Quick Bites","Croissant Cookie & Muffin","Double Choco Chunk Cookie",2.00,2.00,104.460,208.92,0.00,208.92,10.44,219.36,0,
"MSFT Hyd","2025-07-11","POS","TAKEAWAY","49","BEVERAGES","Cold Beverages","Island Special-Cold","Freddo Cappuccino-Med",3.00,3.00,170.000,510.00,0.00,510.00,25.50,535.50,0,
"MSFT Hyd","2025-07-11","POS","TAKEAWAY","183","FOOD","Main Course","Wholesome Wrap","Sriracha Chicken & Avocado Wrap",1.00,1.00,253.340,253.34,0.00,253.34,12.67,266.01,0,
"MSFT Hyd","2025-07-11","POS","TAKEAWAY","215","FOOD","Quick Bites","Croissant Cookie & Muffin","Rocky Road & Pecan Muffin",1.00,1.00,200.000,200.00,0.00,200.00,10.00,210.00,0,
"MSFT Hyd","2025-07-11","POS","TAKEAWAY","33","BEVERAGES","Cold Beverages","Iced Chocolate","Guilt-Free Iced Chocolate-Med",3.00,3.00,170.000,510.00,0.00,510.00,25.50,535.50,0,
"MSFT Hyd","2025-07-11","POS","TAKEAWAY","67","BEVERAGES","Cold Beverages","Refresh","Bobastic Raw Mango Refresh Tea-Med",4.00,4.00,190.000,760.00,0.00,760.00,38.00,798.00,0,
"MSFT Hyd","2025-07-11","POS","TAKEAWAY","30","BEVERAGES","Cold Beverages","Iced Chocolate","Classic Iced Chocolate-Med",2.00,2.00,170.000,340.00,0.00,340.00,17.00,357.00,0,
"MSFT Hyd","2025-07-11","POS","TAKEAWAY","135","BEVERAGES","Hot Beverages","Island Special-Hot","Mocha Espressione Hot-reg",9.00,9.00,190.000,1710.00,0.00,1710.00,85.50,1795.50,0,
"MSFT Hyd","2025-07-11","POS","TAKEAWAY","2","BEVERAGES","Cold Beverages","Cold Brews","Iced Latte Signature-Med",8.00,8.00,130.000,1040.00,0.00,1040.00,52.00,1092.00,0,
"MSFT Hyd","2025-07-11","POS","TAKEAWAY","64","BEVERAGES","Cold Beverages","Proffees (Protein + Coffee)","Espresso Proffee (Protein + Coffee)",4.00,4.00,220.000,880.00,0.00,880.00,44.00,924.00,0,
"MSFT Hyd","2025-07-11","POS","TAKEAWAY","178","FOOD","Main Course","Pizza","Roasted Tomato Basil Bocconcini Pide",1.00,1.00,253.000,253.00,0.00,253.00,12.65,265.65,0,
"MSFT Hyd","2025-07-11","POS","TAKEAWAY","99","BEVERAGES","Hot Beverages","Hot Brews","Americano-reg",3.00,3.00,140.000,420.00,0.00,420.00,21.00,441.00,0,
"MSFT Hyd","2025-07-11","POS","TAKEAWAY","335","BEVERAGES","ADDON","Choice of Milk","Regular - Milk -120g Default",5.00,5.00,0.000,0.00,0.00,0.00,0.00,0.00,0,
"MSFT Hyd","2025-07-14","POS","DINE IN","353","EMP MEAL","Emp Meal","Emp Meal","Emp Meal",4.00,4.00,0.000,0.00,0.00,0.00,0.00,0.00,0,
"MSFT Hyd","2025-07-14","POS","TAKEAWAY","3","BEVERAGES","Cold Beverages","Cold Brews","Iced Latte Signature-Lrg",6.00,6.00,150.000,900.00,0.00,900.00,45.00,945.00,0,
"MSFT Hyd","2025-07-14","POS","TAKEAWAY","235","BEVERAGES","ADDON","Choice of Beans","Volcano Blend - (Default)",105.00,105.00,0.000,0.00,0.00,0.00,0.00,0.00,0,
"MSFT Hyd","2025-07-14","POS","TAKEAWAY","60","BEVERAGES","Cold Beverages","Overnight Brew","Overnite Espresso Gingerale Brew",1.00,1.00,220.000,220.00,0.00,220.00,11.00,231.00,0,
"MSFT Hyd","2025-07-14","POS","TAKEAWAY","341","BEVERAGES","ADDON","Choice of Milk","Regular - Milk -180g Default",3.00,3.00,0.000,0.00,0.00,0.00,0.00,0.00,0,
"MSFT Hyd","2025-07-14","POS","TAKEAWAY","234","BEVERAGES","ADDON","Choice of Beans","Master Blend - (Default)",12.00,12.00,0.000,0.00,0.00,0.00,0.00,0.00,0,
"MSFT Hyd","2025-07-14","POS","TAKEAWAY","53","BEVERAGES","Cold Beverages","Milk Shake","Double Chocolate Indulgent Milkshake-Lrg",2.00,2.00,210.000,420.00,0.00,420.00,21.00,441.00,0,
"MSFT Hyd","2025-07-14","POS","TAKEAWAY","333","BEVERAGES","ADDON","Choice of Milk","Regular - Milk -100g Default",3.00,3.00,0.000,0.00,0.00,0.00,0.00,0.00,0,
"MSFT Hyd","2025-07-14","POS","TAKEAWAY","105","BEVERAGES","Hot Beverages","Hot Brews","Cappuccino-Med",8.00,8.00,180.000,1440.00,0.00,1440.00,72.00,1512.00,0,
"MSFT Hyd","2025-07-14","POS","TAKEAWAY","343","BEVERAGES","ADDON","Choice of Milk","Regular - Milk -210g Default",2.00,2.00,0.000,0.00,0.00,0.00,0.00,0.00,0,
"MSFT Hyd","2025-07-14","POS","TAKEAWAY","166","BEVERAGES","ADDON","Choice of Syrup","Hazelnut Syrup @50",3.00,3.00,25.000,75.00,0.00,75.00,3.75,78.75,0,
"MSFT Hyd","2025-07-14","POS","TAKEAWAY","44","BEVERAGES","Cold Beverages","Island Special-Cold","Mocha Espressione Cold-Lrg",1.00,1.00,210.000,210.00,0.00,210.00,10.50,220.50,0,
"MSFT Hyd","2025-07-14","POS","TAKEAWAY","78","BEVERAGES","Cold Beverages","Refresh","Bobastic Peach Paradise Refresh Tea-Med",3.00,3.00,190.000,570.00,0.00,570.00,28.50,598.50,0,
"MSFT Hyd","2025-07-14","POS","TAKEAWAY","116","BEVERAGES","Hot Beverages","Hot Chocolate","Signature Belgian Dark Hot Chocolate-Med",6.00,6.00,190.000,1140.00,0.00,1140.00,57.00,1197.00,0,
"MSFT Hyd","2025-07-14","POS","TAKEAWAY","211","FOOD","Quick Bites","Croissant Cookie & Muffin","Double Choco Chunk Cookie",1.00,1.00,104.460,104.46,0.00,104.46,5.22,109.68,0,
"MSFT Hyd","2025-07-14","POS","TAKEAWAY","339","BEVERAGES","ADDON","Choice of Milk","Regular - Milk -160g Default",9.00,9.00,0.000,0.00,0.00,0.00,0.00,0.00,0,
"MSFT Hyd","2025-07-14","POS","TAKEAWAY","100","BEVERAGES","Hot Beverages","Hot Brews","Americano-Med",1.00,1.00,160.000,160.00,0.00,160.00,8.00,168.00,0,
"MSFT Hyd","2025-07-14","POS","TAKEAWAY","200","FOOD","Desserts","Gelato","Mango Sorbet Singal Scoop",5.00,5.00,99.000,495.00,0.00,495.00,24.75,519.75,0,
"MSFT Hyd","2025-07-14","POS","TAKEAWAY","221","FOOD","Quick Bites","Puff & Toastie","Chipotle Paneer Bhurji & Broccomole Toastie",1.00,1.00,253.340,253.34,0.00,253.34,12.67,266.01,0,
"MSFT Hyd","2025-07-14","POS","TAKEAWAY","7","BEVERAGES","Cold Beverages","Cold Brews","Bobastic Coffeeccino-Lrg",3.00,3.00,210.000,630.00,0.00,630.00,31.50,661.50,0,
"MSFT Hyd","2025-07-14","POS","TAKEAWAY","160","BEVERAGES","ADDON","Choice of Crema","Rich Crema @50",1.00,1.00,24.760,24.76,0.00,24.76,1.24,26.00,0,
"MSFT Hyd","2025-07-14","POS","TAKEAWAY","189","FOOD","Desserts","Desserts","New York Cheesecake",3.00,3.00,253.340,760.02,0.00,760.02,38.01,798.03,0,
"MSFT Hyd","2025-07-14","POS","TAKEAWAY","35","BEVERAGES","Cold Beverages","Iced Chocolate","Classic Strawberry Iced Chocolate-Lrg",1.00,1.00,190.000,190.00,0.00,190.00,9.50,199.50,0,
"MSFT Hyd","2025-07-14","POS","TAKEAWAY","33","BEVERAGES","Cold Beverages","Iced Chocolate","Guilt-Free Iced Chocolate-Med",4.00,4.00,170.000,680.00,0.00,680.00,34.00,714.00,0,
"MSFT Hyd","2025-07-14","POS","TAKEAWAY","122","BEVERAGES","Hot Beverages","Hot Chocolate","Guilt-Free Hot Chocolate-Reg",1.00,1.00,170.000,170.00,0.00,170.00,8.50,178.50,0,
"MSFT Hyd","2025-07-14","POS","TAKEAWAY","335","BEVERAGES","ADDON","Choice of Milk","Regular - Milk -120g Default",4.00,4.00,0.000,0.00,0.00,0.00,0.00,0.00,0,
"MSFT Hyd","2025-07-14","POS","TAKEAWAY","185","FOOD","Desserts","Desserts","Cold Brew Tiramisu",2.00,2.00,253.340,506.68,0.00,506.68,25.34,532.02,0,
"MSFT Hyd","2025-07-14","POS","TAKEAWAY","65","BEVERAGES","Cold Beverages","Proffees (Protein + Coffee)","Caremel Proffee (Protein + Coffee)",1.00,1.00,220.000,220.00,0.00,220.00,11.00,231.00,0,
"MSFT Hyd","2025-07-14","POS","TAKEAWAY","240","BEVERAGES","Cold Beverages","Choice of Extra Shot - 50","Extra Shot - Volcano Blend",1.00,1.00,50.000,50.00,0.00,50.00,2.50,52.50,0,
"MSFT Hyd","2025-07-14","POS","TAKEAWAY","8","BEVERAGES","Cold Beverages","Cold Brews","Gelato Affagato",1.00,1.00,210.000,210.00,0.00,210.00,10.50,220.50,0,
"MSFT Hyd","2025-07-14","POS","TAKEAWAY","188","FOOD","Desserts","Desserts","Cinnamon & Jaggery Tea Cake",2.00,2.00,147.340,294.68,0.00,294.68,14.74,309.42,0,
"MSFT Hyd","2025-07-14","POS","TAKEAWAY","14","BEVERAGES","Cold Beverages","Cold Brews","Iced Americano-Lrg",2.00,2.00,180.000,360.00,0.00,360.00,18.00,378.00,0,
"MSFT Hyd","2025-07-14","POS","TAKEAWAY","212","FOOD","Quick Bites","Croissant Cookie & Muffin","French Butter Croissant",7.00,7.00,104.460,731.22,0.00,731.22,36.54,767.76,0,
"MSFT Hyd","2025-07-14","POS","TAKEAWAY","50","BEVERAGES","Cold Beverages","Island Special-Cold","Iced Vietneamese Shakerato",2.00,2.00,220.000,440.00,0.00,440.00,22.00,462.00,0,
"MSFT Hyd","2025-07-14","POS","TAKEAWAY","338","BEVERAGES","ADDON","Choice of Milk","Regular - Milk -150g Default",7.00,7.00,0.000,0.00,0.00,0.00,0.00,0.00,0,
"MSFT Hyd","2025-07-14","POS","TAKEAWAY","90","BEVERAGES","Hot Beverages","Hot Brews","Cortardo (Small)",1.00,1.00,160.000,160.00,0.00,160.00,8.00,168.00,0,
"MSFT Hyd","2025-07-14","POS","TAKEAWAY","32","BEVERAGES","Cold Beverages","Iced Chocolate","Guilt-Free Iced Chocolate-Lrg",1.00,1.00,190.000,190.00,0.00,190.00,9.50,199.50,0,
"MSFT Hyd","2025-07-14","POS","TAKEAWAY","11","BEVERAGES","Cold Beverages","Cold Brews","Islander Cold Coffee-Med",11.00,11.00,180.000,1980.00,0.00,1980.00,99.00,2079.00,0,
"MSFT Hyd","2025-07-14","POS","TAKEAWAY","217","FOOD","Quick Bites","Puff & Toastie","Korean Garlic Mushroom Puff",4.00,4.00,104.460,417.84,0.00,417.84,20.88,438.72,0,
"MSFT Hyd","2025-07-14","POS","TAKEAWAY","340","BEVERAGES","ADDON","Choice of Milk","Regular - Milk -170g Default",16.00,16.00,0.000,0.00,0.00,0.00,0.00,0.00,0,
"MSFT Hyd","2025-07-14","POS","TAKEAWAY","97","BEVERAGES","Hot Beverages","Hot Brews","Hot Latte Signature-reg",8.00,8.00,160.000,1280.00,0.00,1280.00,64.00,1344.00,0,
"MSFT Hyd","2025-07-14","POS","TAKEAWAY","62","BEVERAGES","Cold Beverages","Overnight Brew","Overnite Espresso Classic Brew",1.00,1.00,220.000,220.00,0.00,220.00,11.00,231.00,0,
"MSFT Hyd","2025-07-14","POS","TAKEAWAY","61","BEVERAGES","Cold Beverages","Overnight Brew","Overnite Espresso Vietnamese Brew",1.00,1.00,220.000,220.00,0.00,220.00,11.00,231.00,0,
"MSFT Hyd","2025-07-14","POS","TAKEAWAY","209","FOOD","Desserts","Gelato","Dark Chocolate SSC Single Scoop",2.00,2.00,99.000,198.00,0.00,198.00,9.90,207.90,0,
"MSFT Hyd","2025-07-14","POS","TAKEAWAY","141","BEVERAGES","ADDON","Choice of Beans","Kenya Single Estate @50",2.00,2.00,50.000,100.00,0.00,100.00,5.00,105.00,0,
"MSFT Hyd","2025-07-14","POS","TAKEAWAY","186","FOOD","Desserts","Desserts","Belgian Chocolate Fudge Brownie",2.00,2.00,104.460,208.92,0.00,208.92,10.44,219.36,0,
"MSFT Hyd","2025-07-14","POS","TAKEAWAY","6","BEVERAGES","Cold Beverages","Cold Brews","Bobastic Coffeeccino-Med",5.00,5.00,190.000,950.00,0.00,950.00,47.50,997.50,0,
"MSFT Hyd","2025-07-14","POS","TAKEAWAY","215","FOOD","Quick Bites","Croissant Cookie & Muffin","Rocky Road & Pecan Muffin",2.00,2.00,200.000,400.00,0.00,400.00,20.00,420.00,0,
"MSFT Hyd","2025-07-14","POS","TAKEAWAY","125","BEVERAGES","Hot Beverages","Hot Chocolate","Hazelnut Indulgent Hot Chocolate-Med",2.00,2.00,190.000,380.00,0.00,380.00,19.00,399.00,0,
"MSFT Hyd","2025-07-14","POS","TAKEAWAY","167","BEVERAGES","ADDON","Choice of Syrup","Salted Caramel Syrup @50",2.00,2.00,25.000,50.00,0.00,50.00,2.50,52.50,0,
"MSFT Hyd","2025-07-14","POS","TAKEAWAY","115","BEVERAGES","Hot Beverages","Hot Chocolate","Signature Belgian Dark Hot Chocolate-reg",3.00,3.00,170.000,510.00,0.00,510.00,25.50,535.50,0,
"MSFT Hyd","2025-07-14","POS","TAKEAWAY","38","BEVERAGES","Cold Beverages","Iced Chocolate","Dreamy Hazelnut Iced Chocolate-Lrg",5.00,5.00,190.000,950.00,0.00,950.00,47.50,997.50,0,
"MSFT Hyd","2025-07-14","POS","TAKEAWAY","10","BEVERAGES","Cold Beverages","Cold Brews","Islander Cold Coffee-Lrg",30.00,30.00,190.000,5700.00,0.00,5700.00,285.00,5985.00,0,
"MSFT Hyd","2025-07-14","POS","TAKEAWAY","106","BEVERAGES","Hot Beverages","Hot Brews","Cappuccino-reg",10.00,10.00,160.000,1600.00,0.00,1600.00,80.00,1680.00,0,
"MSFT Hyd","2025-07-14","POS","TAKEAWAY","135","BEVERAGES","Hot Beverages","Island Special-Hot","Mocha Espressione Hot-reg",7.00,7.00,190.000,1330.00,0.00,1330.00,66.50,1396.50,0,
"MSFT Hyd","2025-07-14","POS","TAKEAWAY","45","BEVERAGES","Cold Beverages","Island Special-Cold","Mocha Espressione Cold-Med",2.00,2.00,190.000,380.00,0.00,380.00,19.00,399.00,0,
"MSFT Hyd","2025-07-14","POS","TAKEAWAY","99","BEVERAGES","Hot Beverages","Hot Brews","Americano-reg",10.00,10.00,140.000,1400.00,0.00,1400.00,70.00,1470.00,0,
"MSFT Hyd","2025-07-14","POS","TAKEAWAY","30","BEVERAGES","Cold Beverages","Iced Chocolate","Classic Iced Chocolate-Med",1.00,1.00,170.000,170.00,0.00,170.00,8.50,178.50,0,
"MSFT Hyd","2025-07-14","POS","TAKEAWAY","237","BEVERAGES","ADDON","Choice of Crema","Salted Caramel Crema - 0  (Default)",7.00,7.00,0.000,0.00,0.00,0.00,0.00,0.00,0,
"MSFT Hyd","2025-07-14","POS","TAKEAWAY","219","FOOD","Quick Bites","Puff & Toastie","Peri Peri Cheese Toastie",3.00,3.00,200.000,600.00,0.00,600.00,30.00,630.00,0,
"MSFT Hyd","2025-07-14","POS","TAKEAWAY","48","BEVERAGES","Cold Beverages","Island Special-Cold","Freddo Cappuccino-Lrg",1.00,1.00,190.000,190.00,0.00,190.00,9.50,199.50,0,
"MSFT Hyd","2025-07-14","POS","TAKEAWAY","151","BEVERAGES","ADDON","Choice of Milk","Oat Milk @50",1.00,1.00,50.000,50.00,0.00,50.00,2.50,52.50,0,
"MSFT Hyd","2025-07-14","POS","TAKEAWAY","15","BEVERAGES","Cold Beverages","Cold Brews","Iced Americano-Med",1.00,1.00,160.000,160.00,0.00,160.00,8.00,168.00,0,
"MSFT Hyd","2025-07-14","POS","TAKEAWAY","183","FOOD","Main Course","Wholesome Wrap","Sriracha Chicken & Avocado Wrap",1.00,1.00,253.340,253.34,0.00,253.34,12.67,266.01,0,
"MSFT Hyd","2025-07-14","POS","TAKEAWAY","130","BEVERAGES","Hot Beverages","Hot Tea","Indian Masala Tea",2.00,2.00,170.000,340.00,0.00,340.00,17.00,357.00,0,
"MSFT Hyd","2025-07-14","POS","TAKEAWAY","92","BEVERAGES","Hot Beverages","Hot Brews","Espresso (Single)",1.00,1.00,130.000,130.00,0.00,130.00,6.50,136.50,0,
"MSFT Hyd","2025-07-14","POS","TAKEAWAY","196","FOOD","Desserts","Gelato","Belgian Chocolate Singal Scoop",9.00,9.00,99.000,891.00,0.00,891.00,44.55,935.55,0,
"MSFT Hyd","2025-07-14","POS","TAKEAWAY","150","BEVERAGES","ADDON","Choice of Milk","Almond Milk @50",2.00,2.00,50.000,100.00,0.00,100.00,5.00,105.00,0,
"MSFT Hyd","2025-07-14","POS","TAKEAWAY","337","BEVERAGES","ADDON","Choice of Milk","Regular - Milk -140g Default",7.00,7.00,0.000,0.00,0.00,0.00,0.00,0.00,0,
"MSFT Hyd","2025-07-14","POS","TAKEAWAY","342","BEVERAGES","ADDON","Choice of Milk","Regular - Milk -200g Default",15.00,15.00,0.000,0.00,0.00,0.00,0.00,0.00,0,
"MSFT Hyd","2025-07-14","POS","TAKEAWAY","140","BEVERAGES","ADDON","Choice of Beans","Ethiopia Blend @25",1.00,1.00,25.000,25.00,0.00,25.00,1.25,26.25,0,
"MSFT Hyd","2025-07-14","POS","TAKEAWAY","344","BEVERAGES","ADDON","Choice of Milk","Regular - Milk -220g Default",19.00,19.00,0.000,0.00,0.00,0.00,0.00,0.00,0,
"MSFT Hyd","2025-07-14","POS","TAKEAWAY","134","BEVERAGES","Hot Beverages","Island Special-Hot","Mocha Espressione Hot-Med",1.00,1.00,210.000,210.00,0.00,210.00,10.50,220.50,0,
"MSFT Hyd","2025-07-14","POS","TAKEAWAY","336","BEVERAGES","ADDON","Choice of Milk","Regular - Milk -130g Default",9.00,9.00,0.000,0.00,0.00,0.00,0.00,0.00,0,
"MSFT Hyd","2025-07-14","POS","TAKEAWAY","136","BEVERAGES","Hot Beverages","Island Special-Hot","Spanish Bombon (Small)",1.00,1.00,220.000,220.00,0.00,220.00,11.00,231.00,0,
"MSFT Hyd","2025-07-14","POS","TAKEAWAY","80","BEVERAGES","Cold Beverages","Refresh","Iced Apple Green Tea-Lrg",1.00,1.00,150.000,150.00,0.00,150.00,7.50,157.50,0,
"MSFT Hyd","2025-07-14","POS","TAKEAWAY","63","BEVERAGES","Cold Beverages","Proffees (Protein + Coffee)","Cookie & Cream Proffee (Protein + Coffee)",1.00,1.00,220.000,220.00,0.00,220.00,11.00,231.00,0,
"MSFT Hyd","2025-07-14","POS","TAKEAWAY","71","BEVERAGES","Cold Beverages","Refresh","Iced Classic Lemon Tea-Lrg",1.00,1.00,150.000,150.00,0.00,150.00,7.50,157.50,0,
"MSFT Hyd","2025-07-14","POS","TAKEAWAY","139","BEVERAGES","ADDON","Choice of Beans","Kenya Blend @25",2.00,2.00,25.000,50.00,0.00,50.00,2.50,52.50,0,
"MSFT Hyd","2025-07-14","POS","TAKEAWAY","213","FOOD","Quick Bites","Croissant Cookie & Muffin","Sea Salt Caramel Brookie",3.00,3.00,147.340,442.02,0.00,442.02,22.11,464.13,0,
"MSFT Hyd","2025-07-14","POS","TAKEAWAY","96","BEVERAGES","Hot Beverages","Hot Brews","Hot Latte Signature-Med",9.00,9.00,180.000,1620.00,0.00,1620.00,81.00,1701.00,0,
"MSFT Hyd","2025-07-14","POS","TAKEAWAY","205","FOOD","Desserts","Gelato","French Vanilla Single Scoop",3.00,3.00,99.000,297.00,0.00,297.00,14.85,311.85,0,
"MSFT Hyd","2025-07-14","POS","TAKEAWAY","332","BEVERAGES","ADDON","Choice of Milk","Regular - Milk -90g Default",5.00,5.00,0.000,0.00,0.00,0.00,0.00,0.00,0,
"MSFT Hyd","2025-07-14","POS","TAKEAWAY","173","FOOD","Main Course","Hand Made Sandwiches","Mushroom & Scrambled Egg White Broccomole Bagel",1.00,1.00,253.340,253.34,0.00,253.34,12.67,266.01,0,
"MSFT Hyd","2025-07-14","POS","TAKEAWAY","220","FOOD","Quick Bites","Puff & Toastie","Herb Chicken Open Puff",3.00,3.00,147.340,442.02,0.00,442.02,22.11,464.13,0,
"MSFT Hyd","2025-07-14","POS","TAKEAWAY","121","BEVERAGES","Hot Beverages","Hot Chocolate","Guilt-Free Hot Chocolate-Med",3.00,3.00,190.000,570.00,0.00,570.00,28.50,598.50,0,
"MSFT Hyd","2025-07-14","POS","TAKEAWAY","124","BEVERAGES","Hot Beverages","Hot Chocolate","Hazelnut Indulgent Hot Chocolate-Reg",3.00,3.00,170.000,510.00,0.00,510.00,25.50,535.50,0,
"MSFT Hyd","2025-07-14","POS","TAKEAWAY","2","BEVERAGES","Cold Beverages","Cold Brews","Iced Latte Signature-Med",8.00,8.00,130.000,1040.00,0.00,1040.00,52.00,1092.00,0,
"MSFT Hyd","2025-07-14","POS","TAKEAWAY","152","BEVERAGES","ADDON","Choice of Milk","Skimmed Milk @50",1.00,1.00,50.000,50.00,0.00,50.00,2.50,52.50,0,
"MSFT Hyd","2025-07-14","POS","TAKEAWAY","118","BEVERAGES","Hot Beverages","Hot Chocolate","Classic Strawberry Hot Chocolate-Med",1.00,1.00,190.000,190.00,0.00,190.00,9.50,199.50,0,
"MSFT Hyd","2025-07-14","POS","TAKEAWAY","210","FOOD","Quick Bites","Croissant Cookie & Muffin","Parker House Cream Pie Croissant",1.00,1.00,147.340,147.34,0.00,147.34,7.37,154.71,0,
"MSFT Hyd","2025-07-14","POS","TAKEAWAY","165","BEVERAGES","ADDON","Choice of Syrup","Irish Syrup @50",1.00,1.00,25.000,25.00,0.00,25.00,1.25,26.25,0,
"MSFT Hyd","2025-07-14","POS","TAKEAWAY","178","FOOD","Main Course","Pizza","Roasted Tomato Basil Bocconcini Pide",1.00,1.00,253.000,253.00,0.00,253.00,12.65,265.65,0,
"MSFT Hyd","2025-07-14","POS","TAKEAWAY","52","BEVERAGES","Cold Beverages","Milk Shake","Double Chocolate Indulgent Milkshake-Med",2.00,2.00,190.000,380.00,0.00,380.00,19.00,399.00,0,
"MSFT Hyd","2025-07-15","POS","DINE IN","355","NA","Cold Beverages","Food Sampling for Microsoft/Compass","Volcano Blend@54g",1.00,1.00,0.000,0.00,0.00,0.00,0.00,0.00,0,
"MSFT Hyd","2025-07-15","POS","DINE IN","353","EMP MEAL","Emp Meal","Emp Meal","Emp Meal",7.00,7.00,0.000,0.00,0.00,0.00,0.00,0.00,0,
"MSFT Hyd","2025-07-15","POS","DINE IN","356","NA","Cold Beverages","Food Sampling for Microsoft/Compass","Regular Milk @160ML",1.00,1.00,0.000,0.00,0.00,0.00,0.00,0.00,0,
"MSFT Hyd","2025-07-15","POS","DINE IN","354","NA","Cold Beverages","Food Sampling for Microsoft/Compass","Master Blend",1.00,1.00,0.000,0.00,0.00,0.00,0.00,0.00,0,
"MSFT Hyd","2025-07-15","POS","TAKEAWAY","235","BEVERAGES","ADDON","Choice of Beans","Volcano Blend - (Default)",100.00,100.00,0.000,0.00,0.00,0.00,0.00,0.00,0,
"MSFT Hyd","2025-07-15","POS","TAKEAWAY","339","BEVERAGES","ADDON","Choice of Milk","Regular - Milk -160g Default",10.00,10.00,0.000,0.00,0.00,0.00,0.00,0.00,0,
"MSFT Hyd","2025-07-15","POS","TAKEAWAY","119","BEVERAGES","Hot Beverages","Hot Chocolate","Classic Strawberry Hot Chocolate-reg",1.00,1.00,170.000,170.00,0.00,170.00,8.50,178.50,0,
"MSFT Hyd","2025-07-15","POS","TAKEAWAY","38","BEVERAGES","Cold Beverages","Iced Chocolate","Dreamy Hazelnut Iced Chocolate-Lrg",6.00,6.00,190.000,1140.00,0.00,1140.00,57.00,1197.00,0,
"MSFT Hyd","2025-07-15","POS","TAKEAWAY","106","BEVERAGES","Hot Beverages","Hot Brews","Cappuccino-reg",14.00,14.00,160.000,2240.00,0.00,2240.00,112.00,2352.00,0,
"MSFT Hyd","2025-07-15","POS","TAKEAWAY","190","FOOD","Desserts","Desserts","Pecan & Date Tea Cake",1.00,1.00,200.000,200.00,0.00,200.00,10.00,210.00,0,
"MSFT Hyd","2025-07-15","POS","TAKEAWAY","150","BEVERAGES","ADDON","Choice of Milk","Almond Milk @50",3.00,3.00,50.000,150.00,0.00,150.00,7.50,157.50,0,
"MSFT Hyd","2025-07-15","POS","TAKEAWAY","219","FOOD","Quick Bites","Puff & Toastie","Peri Peri Cheese Toastie",4.00,4.00,200.000,800.00,0.00,800.00,40.00,840.00,0,
"MSFT Hyd","2025-07-15","POS","TAKEAWAY","41","BEVERAGES","Cold Beverages","Island Special-Cold","Freddo Espresso Ristretto-Lrg",1.00,1.00,210.000,210.00,0.00,210.00,10.50,220.50,0,
"MSFT Hyd","2025-07-15","POS","TAKEAWAY","213","FOOD","Quick Bites","Croissant Cookie & Muffin","Sea Salt Caramel Brookie",5.00,5.00,147.340,736.70,0.00,736.70,36.85,773.55,0,
"MSFT Hyd","2025-07-15","POS","TAKEAWAY","105","BEVERAGES","Hot Beverages","Hot Brews","Cappuccino-Med",7.00,7.00,180.000,1260.00,0.00,1260.00,63.00,1323.00,0,
"MSFT Hyd","2025-07-15","POS","TAKEAWAY","141","BEVERAGES","ADDON","Choice of Beans","Kenya Single Estate @50",1.00,1.00,50.000,50.00,0.00,50.00,2.50,52.50,0,
"MSFT Hyd","2025-07-15","POS","TAKEAWAY","36","BEVERAGES","Cold Beverages","Iced Chocolate","Classic Strawberry Iced Chocolate-Med",1.00,1.00,170.000,170.00,0.00,170.00,8.50,178.50,0,
"MSFT Hyd","2025-07-15","POS","TAKEAWAY","11","BEVERAGES","Cold Beverages","Cold Brews","Islander Cold Coffee-Med",9.00,9.00,180.000,1620.00,0.00,1620.00,81.00,1701.00,0,
"MSFT Hyd","2025-07-15","POS","TAKEAWAY","96","BEVERAGES","Hot Beverages","Hot Brews","Hot Latte Signature-Med",2.00,2.00,180.000,360.00,0.00,360.00,18.00,378.00,0,
"MSFT Hyd","2025-07-15","POS","TAKEAWAY","341","BEVERAGES","ADDON","Choice of Milk","Regular - Milk -180g Default",4.00,4.00,0.000,0.00,0.00,0.00,0.00,0.00,0,
"MSFT Hyd","2025-07-15","POS","TAKEAWAY","340","BEVERAGES","ADDON","Choice of Milk","Regular - Milk -170g Default",14.00,14.00,0.000,0.00,0.00,0.00,0.00,0.00,0,
"MSFT Hyd","2025-07-15","POS","TAKEAWAY","94","BEVERAGES","Hot Beverages","Hot Brews","Flat White",1.00,1.00,170.000,170.00,0.00,170.00,8.50,178.50,0,
"MSFT Hyd","2025-07-15","POS","TAKEAWAY","183","FOOD","Main Course","Wholesome Wrap","Sriracha Chicken & Avocado Wrap",2.00,2.00,253.340,506.68,0.00,506.68,25.34,532.02,0,
"MSFT Hyd","2025-07-15","POS","TAKEAWAY","78","BEVERAGES","Cold Beverages","Refresh","Bobastic Peach Paradise Refresh Tea-Med",2.00,2.00,190.000,380.00,0.00,380.00,19.00,399.00,0,
"MSFT Hyd","2025-07-15","POS","TAKEAWAY","342","BEVERAGES","ADDON","Choice of Milk","Regular - Milk -200g Default",11.00,11.00,0.000,0.00,0.00,0.00,0.00,0.00,0,
"MSFT Hyd","2025-07-15","POS","TAKEAWAY","2","BEVERAGES","Cold Beverages","Cold Brews","Iced Latte Signature-Med",10.00,10.00,130.000,1300.00,0.00,1300.00,65.00,1365.00,0,
"MSFT Hyd","2025-07-15","POS","TAKEAWAY","97","BEVERAGES","Hot Beverages","Hot Brews","Hot Latte Signature-reg",3.00,3.00,160.000,480.00,0.00,480.00,24.00,504.00,0,
"MSFT Hyd","2025-07-15","POS","TAKEAWAY","63","BEVERAGES","Cold Beverages","Proffees (Protein + Coffee)","Cookie & Cream Proffee (Protein + Coffee)",1.00,1.00,220.000,220.00,0.00,220.00,11.00,231.00,0,
"MSFT Hyd","2025-07-15","POS","TAKEAWAY","6","BEVERAGES","Cold Beverages","Cold Brews","Bobastic Coffeeccino-Med",7.00,7.00,190.000,1330.00,0.00,1330.00,66.50,1396.50,0,
"MSFT Hyd","2025-07-15","POS","TAKEAWAY","335","BEVERAGES","ADDON","Choice of Milk","Regular - Milk -120g Default",1.00,1.00,0.000,0.00,0.00,0.00,0.00,0.00,0,
"MSFT Hyd","2025-07-15","POS","TAKEAWAY","196","FOOD","Desserts","Gelato","Belgian Chocolate Singal Scoop",7.00,7.00,99.000,693.00,0.00,693.00,34.65,727.65,0,
"MSFT Hyd","2025-07-15","POS","TAKEAWAY","185","FOOD","Desserts","Desserts","Cold Brew Tiramisu",2.00,2.00,253.340,506.68,0.00,506.68,25.34,532.02,0,
"MSFT Hyd","2025-07-15","POS","TAKEAWAY","237","BEVERAGES","ADDON","Choice of Crema","Salted Caramel Crema - 0  (Default)",4.00,4.00,0.000,0.00,0.00,0.00,0.00,0.00,0,
"MSFT Hyd","2025-07-15","POS","TAKEAWAY","338","BEVERAGES","ADDON","Choice of Milk","Regular - Milk -150g Default",1.00,1.00,0.000,0.00,0.00,0.00,0.00,0.00,0,
"MSFT Hyd","2025-07-15","POS","TAKEAWAY","337","BEVERAGES","ADDON","Choice of Milk","Regular - Milk -140g Default",4.00,4.00,0.000,0.00,0.00,0.00,0.00,0.00,0,
"MSFT Hyd","2025-07-15","POS","TAKEAWAY","187","FOOD","Desserts","Desserts","Nolen Gur Banofee Jar",2.00,2.00,253.340,506.68,0.00,506.68,25.34,532.02,0,
"MSFT Hyd","2025-07-15","POS","TAKEAWAY","50","BEVERAGES","Cold Beverages","Island Special-Cold","Iced Vietneamese Shakerato",4.00,4.00,220.000,880.00,0.00,880.00,44.00,924.00,0,
"MSFT Hyd","2025-07-15","POS","TAKEAWAY","332","BEVERAGES","ADDON","Choice of Milk","Regular - Milk -90g Default",7.00,7.00,0.000,0.00,0.00,0.00,0.00,0.00,0,
"MSFT Hyd","2025-07-15","POS","TAKEAWAY","15","BEVERAGES","Cold Beverages","Cold Brews","Iced Americano-Med",1.00,1.00,160.000,160.00,0.00,160.00,8.00,168.00,0,
"MSFT Hyd","2025-07-15","POS","TAKEAWAY","184","FOOD","Main Course","Wholesome Wrap","Smoked Cottage Cheese Wrap",3.00,3.00,253.340,760.02,0.00,760.02,38.01,798.03,0,
"MSFT Hyd","2025-07-15","POS","TAKEAWAY","212","FOOD","Quick Bites","Croissant Cookie & Muffin","French Butter Croissant",6.00,6.00,104.460,626.76,0.00,626.76,31.32,658.08,0,
"MSFT Hyd","2025-07-15","POS","TAKEAWAY","125","BEVERAGES","Hot Beverages","Hot Chocolate","Hazelnut Indulgent Hot Chocolate-Med",3.00,3.00,190.000,570.00,0.00,570.00,28.50,598.50,0,
"MSFT Hyd","2025-07-15","POS","TAKEAWAY","116","BEVERAGES","Hot Beverages","Hot Chocolate","Signature Belgian Dark Hot Chocolate-Med",10.00,10.00,190.000,1900.00,0.00,1900.00,95.00,1995.00,0,
"MSFT Hyd","2025-07-15","POS","TAKEAWAY","115","BEVERAGES","Hot Beverages","Hot Chocolate","Signature Belgian Dark Hot Chocolate-reg",3.00,3.00,170.000,510.00,0.00,510.00,25.50,535.50,0,
"MSFT Hyd","2025-07-15","POS","TAKEAWAY","121","BEVERAGES","Hot Beverages","Hot Chocolate","Guilt-Free Hot Chocolate-Med",3.00,3.00,190.000,570.00,0.00,570.00,28.50,598.50,0,
"MSFT Hyd","2025-07-15","POS","TAKEAWAY","186","FOOD","Desserts","Desserts","Belgian Chocolate Fudge Brownie",18.00,18.00,104.459,1880.27,0.00,1880.27,93.97,1974.24,0,
"MSFT Hyd","2025-07-15","POS","TAKEAWAY","216","FOOD","Quick Bites","Croissant Cookie & Muffin","White Chocolate & Pistachio Flat Croissant",4.00,4.00,147.340,589.36,0.00,589.36,29.48,618.84,0,
"MSFT Hyd","2025-07-15","POS","TAKEAWAY","135","BEVERAGES","Hot Beverages","Island Special-Hot","Mocha Espressione Hot-reg",5.00,5.00,190.000,950.00,0.00,950.00,47.50,997.50,0,
"MSFT Hyd","2025-07-15","POS","TAKEAWAY","177","FOOD","Main Course","Pizza","Chipotle Chicken Mozzarella Pide",1.00,1.00,253.000,253.00,0.00,253.00,12.65,265.65,0,
"MSFT Hyd","2025-07-15","POS","TAKEAWAY","211","FOOD","Quick Bites","Croissant Cookie & Muffin","Double Choco Chunk Cookie",6.00,6.00,104.460,626.76,0.00,626.76,31.32,658.08,0,
"MSFT Hyd","2025-07-15","POS","TAKEAWAY","220","FOOD","Quick Bites","Puff & Toastie","Herb Chicken Open Puff",1.00,1.00,147.340,147.34,0.00,147.34,7.37,154.71,0,
"MSFT Hyd","2025-07-15","POS","TAKEAWAY","218","FOOD","Quick Bites","Puff & Toastie","Herb Infused Roasted Chicken Toastie",2.00,2.00,200.000,400.00,0.00,400.00,20.00,420.00,0,
"MSFT Hyd","2025-07-15","POS","TAKEAWAY","52","BEVERAGES","Cold Beverages","Milk Shake","Double Chocolate Indulgent Milkshake-Med",6.00,6.00,190.000,1140.00,0.00,1140.00,57.00,1197.00,0,
"MSFT Hyd","2025-07-15","POS","TAKEAWAY","139","BEVERAGES","ADDON","Choice of Beans","Kenya Blend @25",1.00,1.00,25.000,25.00,0.00,25.00,1.25,26.25,0,
"MSFT Hyd","2025-07-15","POS","TAKEAWAY","173","FOOD","Main Course","Hand Made Sandwiches","Mushroom & Scrambled Egg White Broccomole Bagel",2.00,2.00,253.340,506.68,0.00,506.68,25.34,532.02,0,
"MSFT Hyd","2025-07-15","POS","TAKEAWAY","136","BEVERAGES","Hot Beverages","Island Special-Hot","Spanish Bombon (Small)",3.00,3.00,220.000,660.00,0.00,660.00,33.00,693.00,0,
"MSFT Hyd","2025-07-15","POS","TAKEAWAY","209","FOOD","Desserts","Gelato","Dark Chocolate SSC Single Scoop",7.00,7.00,99.000,693.00,0.00,693.00,34.65,727.65,0,
"MSFT Hyd","2025-07-15","POS","TAKEAWAY","200","FOOD","Desserts","Gelato","Mango Sorbet Singal Scoop",3.00,3.00,99.000,297.00,0.00,297.00,14.85,311.85,0,
"MSFT Hyd","2025-07-15","POS","TAKEAWAY","166","BEVERAGES","ADDON","Choice of Syrup","Hazelnut Syrup @50",7.00,7.00,25.000,175.00,0.00,175.00,8.75,183.75,0,
"MSFT Hyd","2025-07-15","POS","TAKEAWAY","10","BEVERAGES","Cold Beverages","Cold Brews","Islander Cold Coffee-Lrg",29.00,29.00,190.000,5510.00,0.00,5510.00,275.50,5785.50,0,
"MSFT Hyd","2025-07-15","POS","TAKEAWAY","90","BEVERAGES","Hot Beverages","Hot Brews","Cortardo (Small)",1.00,1.00,160.000,160.00,0.00,160.00,8.00,168.00,0,
"MSFT Hyd","2025-07-15","POS","TAKEAWAY","167","BEVERAGES","ADDON","Choice of Syrup","Salted Caramel Syrup @50",2.00,2.00,25.000,50.00,0.00,50.00,2.50,52.50,0,
"MSFT Hyd","2025-07-15","POS","TAKEAWAY","344","BEVERAGES","ADDON","Choice of Milk","Regular - Milk -220g Default",23.00,23.00,0.000,0.00,0.00,0.00,0.00,0.00,0,
"MSFT Hyd","2025-07-15","POS","TAKEAWAY","49","BEVERAGES","Cold Beverages","Island Special-Cold","Freddo Cappuccino-Med",1.00,1.00,170.000,170.00,0.00,170.00,8.50,178.50,0,
"MSFT Hyd","2025-07-15","POS","TAKEAWAY","170","FOOD","Main Course","Hand Made Sandwiches","Roasted Tomato & Bocconcini Croissant",1.00,1.00,253.340,253.34,0.00,253.34,12.67,266.01,0,
"MSFT Hyd","2025-07-15","POS","TAKEAWAY","188","FOOD","Desserts","Desserts","Cinnamon & Jaggery Tea Cake",2.00,2.00,147.340,294.68,0.00,294.68,14.74,309.42,0,
"MSFT Hyd","2025-07-15","POS","TAKEAWAY","336","BEVERAGES","ADDON","Choice of Milk","Regular - Milk -130g Default",15.00,15.00,0.000,0.00,0.00,0.00,0.00,0.00,0,
"MSFT Hyd","2025-07-15","POS","TAKEAWAY","215","FOOD","Quick Bites","Croissant Cookie & Muffin","Rocky Road & Pecan Muffin",3.00,3.00,200.000,600.00,0.00,600.00,30.00,630.00,0,
"MSFT Hyd","2025-07-15","POS","TAKEAWAY","64","BEVERAGES","Cold Beverages","Proffees (Protein + Coffee)","Espresso Proffee (Protein + Coffee)",3.00,3.00,220.000,660.00,0.00,660.00,33.00,693.00,0,
"MSFT Hyd","2025-07-15","POS","TAKEAWAY","92","BEVERAGES","Hot Beverages","Hot Brews","Espresso (Single)",1.00,1.00,130.000,130.00,0.00,130.00,6.50,136.50,0,
"MSFT Hyd","2025-07-15","POS","TAKEAWAY","12","BEVERAGES","Cold Beverages","Cold Brews","Fizzy Espressione (Gingerale)",1.00,1.00,210.000,210.00,0.00,210.00,10.50,220.50,0,
"MSFT Hyd","2025-07-15","POS","TAKEAWAY","39","BEVERAGES","Cold Beverages","Iced Chocolate","Dreamy Hazelnut Iced Chocolate-Med",3.00,3.00,170.000,510.00,0.00,510.00,25.50,535.50,0,
"MSFT Hyd","2025-07-15","POS","TAKEAWAY","333","BEVERAGES","ADDON","Choice of Milk","Regular - Milk -100g Default",2.00,2.00,0.000,0.00,0.00,0.00,0.00,0.00,0,
"MSFT Hyd","2025-07-15","POS","TAKEAWAY","14","BEVERAGES","Cold Beverages","Cold Brews","Iced Americano-Lrg",3.00,3.00,180.000,540.00,0.00,540.00,27.00,567.00,0,
"MSFT Hyd","2025-07-15","POS","TAKEAWAY","234","BEVERAGES","ADDON","Choice of Beans","Master Blend - (Default)",8.00,8.00,0.000,0.00,0.00,0.00,0.00,0.00,0,
"MSFT Hyd","2025-07-15","POS","TAKEAWAY","151","BEVERAGES","ADDON","Choice of Milk","Oat Milk @50",3.00,3.00,50.000,150.00,0.00,150.00,7.50,157.50,0,
"MSFT Hyd","2025-07-15","POS","TAKEAWAY","217","FOOD","Quick Bites","Puff & Toastie","Korean Garlic Mushroom Puff",2.00,2.00,104.460,208.92,0.00,208.92,10.44,219.36,0,
"MSFT Hyd","2025-07-15","POS","TAKEAWAY","210","FOOD","Quick Bites","Croissant Cookie & Muffin","Parker House Cream Pie Croissant",2.00,2.00,147.340,294.68,0.00,294.68,14.74,309.42,0,
"MSFT Hyd","2025-07-15","POS","TAKEAWAY","134","BEVERAGES","Hot Beverages","Island Special-Hot","Mocha Espressione Hot-Med",2.00,2.00,210.000,420.00,0.00,420.00,21.00,441.00,0,
"MSFT Hyd","2025-07-15","POS","TAKEAWAY","189","FOOD","Desserts","Desserts","New York Cheesecake",4.00,4.00,253.340,1013.36,0.00,1013.36,50.68,1064.04,0,
"MSFT Hyd","2025-07-15","POS","TAKEAWAY","44","BEVERAGES","Cold Beverages","Island Special-Cold","Mocha Espressione Cold-Lrg",2.00,2.00,210.000,420.00,0.00,420.00,21.00,441.00,0,
"MSFT Hyd","2025-07-15","POS","TAKEAWAY","3","BEVERAGES","Cold Beverages","Cold Brews","Iced Latte Signature-Lrg",7.00,7.00,150.000,1050.00,0.00,1050.00,52.50,1102.50,0,
"MSFT Hyd","2025-07-15","POS","TAKEAWAY","42","BEVERAGES","Cold Beverages","Island Special-Cold","Freddo Espresso Ristretto-Med",1.00,1.00,190.000,190.00,0.00,190.00,9.50,199.50,0,
"MSFT Hyd","2025-07-15","POS","TAKEAWAY","32","BEVERAGES","Cold Beverages","Iced Chocolate","Guilt-Free Iced Chocolate-Lrg",2.00,2.00,190.000,380.00,0.00,380.00,19.00,399.00,0,
"MSFT Hyd","2025-07-15","POS","TAKEAWAY","100","BEVERAGES","Hot Beverages","Hot Brews","Americano-Med",2.00,2.00,160.000,320.00,0.00,320.00,16.00,336.00,0,
"MSFT Hyd","2025-07-16","POS","DINE IN","353","EMP MEAL","Emp Meal","Emp Meal","Emp Meal",4.00,4.00,0.000,0.00,0.00,0.00,0.00,0.00,0,
"MSFT Hyd","2025-07-16","POS","DINE IN","356","NA","Cold Beverages","Food Sampling for Microsoft/Compass","Regular Milk @160ML",1.00,1.00,0.000,0.00,0.00,0.00,0.00,0.00,0,
"MSFT Hyd","2025-07-16","POS","DINE IN","354","NA","Cold Beverages","Food Sampling for Microsoft/Compass","Master Blend",1.00,1.00,0.000,0.00,0.00,0.00,0.00,0.00,0,
"MSFT Hyd","2025-07-16","POS","DINE IN","355","NA","Cold Beverages","Food Sampling for Microsoft/Compass","Volcano Blend@54g",1.00,1.00,0.000,0.00,0.00,0.00,0.00,0.00,0,
"MSFT Hyd","2025-07-16","POS","TAKEAWAY","48","BEVERAGES","Cold Beverages","Island Special-Cold","Freddo Cappuccino-Lrg",2.00,2.00,190.000,380.00,0.00,380.00,19.00,399.00,0,
"MSFT Hyd","2025-07-16","POS","TAKEAWAY","38","BEVERAGES","Cold Beverages","Iced Chocolate","Dreamy Hazelnut Iced Chocolate-Lrg",2.00,2.00,190.000,380.00,0.00,380.00,19.00,399.00,0,
"MSFT Hyd","2025-07-16","POS","TAKEAWAY","220","FOOD","Quick Bites","Puff & Toastie","Herb Chicken Open Puff",4.00,4.00,147.340,589.36,0.00,589.36,29.48,618.84,0,
"MSFT Hyd","2025-07-16","POS","TAKEAWAY","237","BEVERAGES","ADDON","Choice of Crema","Salted Caramel Crema - 0  (Default)",10.00,10.00,0.000,0.00,0.00,0.00,0.00,0.00,0,
"MSFT Hyd","2025-07-16","POS","TAKEAWAY","56","BEVERAGES","Cold Beverages","Milk Shake","Berry Burst Paradise Milkshake-Med",2.00,2.00,190.000,380.00,0.00,380.00,19.00,399.00,0,
"MSFT Hyd","2025-07-16","POS","TAKEAWAY","53","BEVERAGES","Cold Beverages","Milk Shake","Double Chocolate Indulgent Milkshake-Lrg",2.00,2.00,210.000,420.00,0.00,420.00,21.00,441.00,0,
"MSFT Hyd","2025-07-16","POS","TAKEAWAY","94","BEVERAGES","Hot Beverages","Hot Brews","Flat White",1.00,1.00,170.000,170.00,0.00,170.00,8.50,178.50,0,
"MSFT Hyd","2025-07-16","POS","TAKEAWAY","216","FOOD","Quick Bites","Croissant Cookie & Muffin","White Chocolate & Pistachio Flat Croissant",4.00,4.00,147.340,589.36,0.00,589.36,29.48,618.84,0,
"MSFT Hyd","2025-07-16","POS","TAKEAWAY","63","BEVERAGES","Cold Beverages","Proffees (Protein + Coffee)","Cookie & Cream Proffee (Protein + Coffee)",4.00,4.00,220.000,880.00,0.00,880.00,44.00,924.00,0,
"MSFT Hyd","2025-07-16","POS","TAKEAWAY","125","BEVERAGES","Hot Beverages","Hot Chocolate","Hazelnut Indulgent Hot Chocolate-Med",1.00,1.00,190.000,190.00,0.00,190.00,9.50,199.50,0,
"MSFT Hyd","2025-07-16","POS","TAKEAWAY","33","BEVERAGES","Cold Beverages","Iced Chocolate","Guilt-Free Iced Chocolate-Med",2.00,2.00,170.000,340.00,0.00,340.00,17.00,357.00,0,
"MSFT Hyd","2025-07-16","POS","TAKEAWAY","11","BEVERAGES","Cold Beverages","Cold Brews","Islander Cold Coffee-Med",10.00,10.00,180.000,1800.00,0.00,1800.00,90.00,1890.00,0,
"MSFT Hyd","2025-07-16","POS","TAKEAWAY","344","BEVERAGES","ADDON","Choice of Milk","Regular - Milk -220g Default",8.00,8.00,0.000,0.00,0.00,0.00,0.00,0.00,0,
"MSFT Hyd","2025-07-16","POS","TAKEAWAY","15","BEVERAGES","Cold Beverages","Cold Brews","Iced Americano-Med",1.00,1.00,160.000,160.00,0.00,160.00,8.00,168.00,0,
"MSFT Hyd","2025-07-16","POS","TAKEAWAY","96","BEVERAGES","Hot Beverages","Hot Brews","Hot Latte Signature-Med",5.00,5.00,180.000,900.00,0.00,900.00,45.00,945.00,0,
"MSFT Hyd","2025-07-16","POS","TAKEAWAY","119","BEVERAGES","Hot Beverages","Hot Chocolate","Classic Strawberry Hot Chocolate-reg",2.00,2.00,170.000,340.00,0.00,340.00,17.00,357.00,0,
"MSFT Hyd","2025-07-16","POS","TAKEAWAY","185","FOOD","Desserts","Desserts","Cold Brew Tiramisu",3.00,3.00,253.340,760.02,0.00,760.02,38.01,798.03,0,
"MSFT Hyd","2025-07-16","POS","TAKEAWAY","122","BEVERAGES","Hot Beverages","Hot Chocolate","Guilt-Free Hot Chocolate-Reg",1.00,1.00,170.000,170.00,0.00,170.00,8.50,178.50,0,
"MSFT Hyd","2025-07-16","POS","TAKEAWAY","99","BEVERAGES","Hot Beverages","Hot Brews","Americano-reg",4.00,4.00,140.000,560.00,0.00,560.00,28.00,588.00,0,
"MSFT Hyd","2025-07-16","POS","TAKEAWAY","39","BEVERAGES","Cold Beverages","Iced Chocolate","Dreamy Hazelnut Iced Chocolate-Med",2.00,2.00,170.000,340.00,0.00,340.00,17.00,357.00,0,
"MSFT Hyd","2025-07-16","POS","TAKEAWAY","335","BEVERAGES","ADDON","Choice of Milk","Regular - Milk -120g Default",1.00,1.00,0.000,0.00,0.00,0.00,0.00,0.00,0,
"MSFT Hyd","2025-07-16","POS","TAKEAWAY","146","BEVERAGES","ADDON","Choice of Beans","Ethiopia Single Estate 20g@Default",1.00,1.00,0.000,0.00,0.00,0.00,0.00,0.00,0,
"MSFT Hyd","2025-07-16","POS","TAKEAWAY","60","BEVERAGES","Cold Beverages","Overnight Brew","Overnite Espresso Gingerale Brew",1.00,1.00,220.000,220.00,0.00,220.00,11.00,231.00,0,
"MSFT Hyd","2025-07-16","POS","TAKEAWAY","196","FOOD","Desserts","Gelato","Belgian Chocolate Singal Scoop",9.00,9.00,99.000,891.00,0.00,891.00,44.55,935.55,0,
"MSFT Hyd","2025-07-16","POS","TAKEAWAY","213","FOOD","Quick Bites","Croissant Cookie & Muffin","Sea Salt Caramel Brookie",5.00,5.00,147.340,736.70,0.00,736.70,36.85,773.55,0,
"MSFT Hyd","2025-07-16","POS","TAKEAWAY","124","BEVERAGES","Hot Beverages","Hot Chocolate","Hazelnut Indulgent Hot Chocolate-Reg",2.00,2.00,170.000,340.00,0.00,340.00,17.00,357.00,0,
"MSFT Hyd","2025-07-16","POS","TAKEAWAY","116","BEVERAGES","Hot Beverages","Hot Chocolate","Signature Belgian Dark Hot Chocolate-Med",3.00,3.00,190.000,570.00,0.00,570.00,28.50,598.50,0,
"MSFT Hyd","2025-07-16","POS","TAKEAWAY","221","FOOD","Quick Bites","Puff & Toastie","Chipotle Paneer Bhurji & Broccomole Toastie",1.00,1.00,253.340,253.34,0.00,253.34,12.67,266.01,0,
"MSFT Hyd","2025-07-16","POS","TAKEAWAY","6","BEVERAGES","Cold Beverages","Cold Brews","Bobastic Coffeeccino-Med",10.00,10.00,190.000,1900.00,0.00,1900.00,95.00,1995.00,0,
"MSFT Hyd","2025-07-16","POS","TAKEAWAY","50","BEVERAGES","Cold Beverages","Island Special-Cold","Iced Vietneamese Shakerato",4.00,4.00,220.000,880.00,0.00,880.00,44.00,924.00,0,
"MSFT Hyd","2025-07-16","POS","TAKEAWAY","86","BEVERAGES","Hot Beverages","Alternative Brews","Island Pour Over",1.00,1.00,210.000,210.00,0.00,210.00,10.50,220.50,0,
"MSFT Hyd","2025-07-16","POS","TAKEAWAY","10","BEVERAGES","Cold Beverages","Cold Brews","Islander Cold Coffee-Lrg",27.00,27.00,190.000,5130.00,0.00,5130.00,256.50,5386.50,0,
"MSFT Hyd","2025-07-16","POS","TAKEAWAY","217","FOOD","Quick Bites","Puff & Toastie","Korean Garlic Mushroom Puff",8.00,8.00,104.459,835.67,0.00,835.67,41.77,877.44,0,
"MSFT Hyd","2025-07-16","POS","TAKEAWAY","100","BEVERAGES","Hot Beverages","Hot Brews","Americano-Med",1.00,1.00,160.000,160.00,0.00,160.00,8.00,168.00,0,
"MSFT Hyd","2025-07-16","POS","TAKEAWAY","190","FOOD","Desserts","Desserts","Pecan & Date Tea Cake",3.00,3.00,200.000,600.00,0.00,600.00,30.00,630.00,0,
"MSFT Hyd","2025-07-16","POS","TAKEAWAY","341","BEVERAGES","ADDON","Choice of Milk","Regular - Milk -180g Default",5.00,5.00,0.000,0.00,0.00,0.00,0.00,0.00,0,
"MSFT Hyd","2025-07-16","POS","TAKEAWAY","337","BEVERAGES","ADDON","Choice of Milk","Regular - Milk -140g Default",4.00,4.00,0.000,0.00,0.00,0.00,0.00,0.00,0,
"MSFT Hyd","2025-07-16","POS","TAKEAWAY","67","BEVERAGES","Cold Beverages","Refresh","Bobastic Raw Mango Refresh Tea-Med",1.00,1.00,190.000,190.00,0.00,190.00,9.50,199.50,0,
"MSFT Hyd","2025-07-16","POS","TAKEAWAY","140","BEVERAGES","ADDON","Choice of Beans","Ethiopia Blend @25",3.00,3.00,25.000,75.00,0.00,75.00,3.75,78.75,0,
"MSFT Hyd","2025-07-16","POS","TAKEAWAY","165","BEVERAGES","ADDON","Choice of Syrup","Irish Syrup @50",1.00,1.00,25.000,25.00,0.00,25.00,1.25,26.25,0,
"MSFT Hyd","2025-07-16","POS","TAKEAWAY","121","BEVERAGES","Hot Beverages","Hot Chocolate","Guilt-Free Hot Chocolate-Med",1.00,1.00,190.000,190.00,0.00,190.00,9.50,199.50,0,
"MSFT Hyd","2025-07-16","POS","TAKEAWAY","339","BEVERAGES","ADDON","Choice of Milk","Regular - Milk -160g Default",7.00,7.00,0.000,0.00,0.00,0.00,0.00,0.00,0,
"MSFT Hyd","2025-07-16","POS","TAKEAWAY","62","BEVERAGES","Cold Beverages","Overnight Brew","Overnite Espresso Classic Brew",1.00,1.00,220.000,220.00,0.00,220.00,11.00,231.00,0,
"MSFT Hyd","2025-07-16","POS","TAKEAWAY","210","FOOD","Quick Bites","Croissant Cookie & Muffin","Parker House Cream Pie Croissant",2.00,2.00,147.340,294.68,0.00,294.68,14.74,309.42,0,
"MSFT Hyd","2025-07-16","POS","TAKEAWAY","235","BEVERAGES","ADDON","Choice of Beans","Volcano Blend - (Default)",95.00,95.00,0.000,0.00,0.00,0.00,0.00,0.00,0,
"MSFT Hyd","2025-07-16","POS","TAKEAWAY","340","BEVERAGES","ADDON","Choice of Milk","Regular - Milk -170g Default",13.00,13.00,0.000,0.00,0.00,0.00,0.00,0.00,0,
"MSFT Hyd","2025-07-16","POS","TAKEAWAY","142","BEVERAGES","ADDON","Choice of Beans","Ethiopia Single Estate @50",1.00,1.00,50.000,50.00,0.00,50.00,2.50,52.50,0,
"MSFT Hyd","2025-07-16","POS","TAKEAWAY","134","BEVERAGES","Hot Beverages","Island Special-Hot","Mocha Espressione Hot-Med",1.00,1.00,210.000,210.00,0.00,210.00,10.50,220.50,0,
"MSFT Hyd","2025-07-16","POS","TAKEAWAY","343","BEVERAGES","ADDON","Choice of Milk","Regular - Milk -210g Default",2.00,2.00,0.000,0.00,0.00,0.00,0.00,0.00,0,
"MSFT Hyd","2025-07-16","POS","TAKEAWAY","71","BEVERAGES","Cold Beverages","Refresh","Iced Classic Lemon Tea-Lrg",1.00,1.00,150.000,150.00,0.00,150.00,7.50,157.50,0,
"MSFT Hyd","2025-07-16","POS","TAKEAWAY","14","BEVERAGES","Cold Beverages","Cold Brews","Iced Americano-Lrg",2.00,2.00,180.000,360.00,0.00,360.00,18.00,378.00,0,
"MSFT Hyd","2025-07-16","POS","TAKEAWAY","105","BEVERAGES","Hot Beverages","Hot Brews","Cappuccino-Med",6.00,6.00,180.000,1080.00,0.00,1080.00,54.00,1134.00,0,
"MSFT Hyd","2025-07-16","POS","TAKEAWAY","167","BEVERAGES","ADDON","Choice of Syrup","Salted Caramel Syrup @50",2.00,2.00,25.000,50.00,0.00,50.00,2.50,52.50,0,
"MSFT Hyd","2025-07-16","POS","TAKEAWAY","32","BEVERAGES","Cold Beverages","Iced Chocolate","Guilt-Free Iced Chocolate-Lrg",1.00,1.00,190.000,190.00,0.00,190.00,9.50,199.50,0,
"MSFT Hyd","2025-07-16","POS","TAKEAWAY","205","FOOD","Desserts","Gelato","French Vanilla Single Scoop",3.00,3.00,99.000,297.00,0.00,297.00,14.85,311.85,0,
"MSFT Hyd","2025-07-16","POS","TAKEAWAY","81","BEVERAGES","Cold Beverages","Refresh","Iced Apple Green Tea-Med",3.00,3.00,130.000,390.00,0.00,390.00,19.50,409.50,0,
"MSFT Hyd","2025-07-16","POS","TAKEAWAY","239","BEVERAGES","Cold Beverages","Choice of Extra Shot - 50","Extra Shot - Master Blend",1.00,1.00,50.000,50.00,0.00,50.00,2.50,52.50,0,
"MSFT Hyd","2025-07-16","POS","TAKEAWAY","332","BEVERAGES","ADDON","Choice of Milk","Regular - Milk -90g Default",10.00,10.00,0.000,0.00,0.00,0.00,0.00,0.00,0,
"MSFT Hyd","2025-07-16","POS","TAKEAWAY","42","BEVERAGES","Cold Beverages","Island Special-Cold","Freddo Espresso Ristretto-Med",1.00,1.00,190.000,190.00,0.00,190.00,9.50,199.50,0,
"MSFT Hyd","2025-07-16","POS","TAKEAWAY","211","FOOD","Quick Bites","Croissant Cookie & Muffin","Double Choco Chunk Cookie",4.00,4.00,104.460,417.84,0.00,417.84,20.88,438.72,0,
"MSFT Hyd","2025-07-16","POS","TAKEAWAY","342","BEVERAGES","ADDON","Choice of Milk","Regular - Milk -200g Default",18.00,18.00,0.000,0.00,0.00,0.00,0.00,0.00,0,
"MSFT Hyd","2025-07-16","POS","TAKEAWAY","97","BEVERAGES","Hot Beverages","Hot Brews","Hot Latte Signature-reg",4.00,4.00,160.000,640.00,0.00,640.00,32.00,672.00,0,
"MSFT Hyd","2025-07-16","POS","TAKEAWAY","333","BEVERAGES","ADDON","Choice of Milk","Regular - Milk -100g Default",2.00,2.00,0.000,0.00,0.00,0.00,0.00,0.00,0,
"MSFT Hyd","2025-07-16","POS","TAKEAWAY","3","BEVERAGES","Cold Beverages","Cold Brews","Iced Latte Signature-Lrg",12.00,12.00,150.000,1800.00,0.00,1800.00,90.00,1890.00,0,
"MSFT Hyd","2025-07-16","POS","TAKEAWAY","92","BEVERAGES","Hot Beverages","Hot Brews","Espresso (Single)",1.00,1.00,130.000,130.00,0.00,130.00,6.50,136.50,0,
"MSFT Hyd","2025-07-16","POS","TAKEAWAY","64","BEVERAGES","Cold Beverages","Proffees (Protein + Coffee)","Espresso Proffee (Protein + Coffee)",1.00,1.00,220.000,220.00,0.00,220.00,11.00,231.00,0,
"MSFT Hyd","2025-07-16","POS","TAKEAWAY","338","BEVERAGES","ADDON","Choice of Milk","Regular - Milk -150g Default",3.00,3.00,0.000,0.00,0.00,0.00,0.00,0.00,0,
"MSFT Hyd","2025-07-16","POS","TAKEAWAY","61","BEVERAGES","Cold Beverages","Overnight Brew","Overnite Espresso Vietnamese Brew",1.00,1.00,220.000,220.00,0.00,220.00,11.00,231.00,0,
"MSFT Hyd","2025-07-16","POS","TAKEAWAY","45","BEVERAGES","Cold Beverages","Island Special-Cold","Mocha Espressione Cold-Med",1.00,1.00,190.000,190.00,0.00,190.00,9.50,199.50,0,
"MSFT Hyd","2025-07-16","POS","TAKEAWAY","178","FOOD","Main Course","Pizza","Roasted Tomato Basil Bocconcini Pide",2.00,2.00,253.000,506.00,0.00,506.00,25.30,531.30,0,
"MSFT Hyd","2025-07-16","POS","TAKEAWAY","209","FOOD","Desserts","Gelato","Dark Chocolate SSC Single Scoop",8.00,8.00,99.000,792.00,0.00,792.00,39.60,831.60,0,
"MSFT Hyd","2025-07-16","POS","TAKEAWAY","234","BEVERAGES","ADDON","Choice of Beans","Master Blend - (Default)",9.00,9.00,0.000,0.00,0.00,0.00,0.00,0.00,0,
"MSFT Hyd","2025-07-16","POS","TAKEAWAY","7","BEVERAGES","Cold Beverages","Cold Brews","Bobastic Coffeeccino-Lrg",1.00,1.00,210.000,210.00,0.00,210.00,10.50,220.50,0,
"MSFT Hyd","2025-07-16","POS","TAKEAWAY","336","BEVERAGES","ADDON","Choice of Milk","Regular - Milk -130g Default",13.00,13.00,0.000,0.00,0.00,0.00,0.00,0.00,0,
"MSFT Hyd","2025-07-16","POS","TAKEAWAY","151","BEVERAGES","ADDON","Choice of Milk","Oat Milk @50",2.00,2.00,50.000,100.00,0.00,100.00,5.00,105.00,0,
"MSFT Hyd","2025-07-16","POS","TAKEAWAY","170","FOOD","Main Course","Hand Made Sandwiches","Roasted Tomato & Bocconcini Croissant",1.00,1.00,253.340,253.34,0.00,253.34,12.67,266.01,0,
"MSFT Hyd","2025-07-16","POS","TAKEAWAY","2","BEVERAGES","Cold Beverages","Cold Brews","Iced Latte Signature-Med",8.00,8.00,130.000,1040.00,0.00,1040.00,52.00,1092.00,0,
"MSFT Hyd","2025-07-16","POS","TAKEAWAY","106","BEVERAGES","Hot Beverages","Hot Brews","Cappuccino-reg",12.00,12.00,160.000,1920.00,0.00,1920.00,96.00,2016.00,0,
"MSFT Hyd","2025-07-16","POS","TAKEAWAY","183","FOOD","Main Course","Wholesome Wrap","Sriracha Chicken & Avocado Wrap",1.00,1.00,253.340,253.34,0.00,253.34,12.67,266.01,0,
"MSFT Hyd","2025-07-16","POS","TAKEAWAY","189","FOOD","Desserts","Desserts","New York Cheesecake",3.00,3.00,253.340,760.02,0.00,760.02,38.01,798.03,0,
"MSFT Hyd","2025-07-16","POS","TAKEAWAY","219","FOOD","Quick Bites","Puff & Toastie","Peri Peri Cheese Toastie",1.00,1.00,200.000,200.00,0.00,200.00,10.00,210.00,0,
"MSFT Hyd","2025-07-16","POS","TAKEAWAY","44","BEVERAGES","Cold Beverages","Island Special-Cold","Mocha Espressione Cold-Lrg",1.00,1.00,210.000,210.00,0.00,210.00,10.50,220.50,0,
"MSFT Hyd","2025-07-16","POS","TAKEAWAY","36","BEVERAGES","Cold Beverages","Iced Chocolate","Classic Strawberry Iced Chocolate-Med",1.00,1.00,170.000,170.00,0.00,170.00,8.50,178.50,0,
"MSFT Hyd","2025-07-16","POS","TAKEAWAY","135","BEVERAGES","Hot Beverages","Island Special-Hot","Mocha Espressione Hot-reg",4.00,4.00,190.000,760.00,0.00,760.00,38.00,798.00,0,
"MSFT Hyd","2025-07-16","POS","TAKEAWAY","80","BEVERAGES","Cold Beverages","Refresh","Iced Apple Green Tea-Lrg",1.00,1.00,150.000,150.00,0.00,150.00,7.50,157.50,0,
"MSFT Hyd","2025-07-16","POS","TAKEAWAY","166","BEVERAGES","ADDON","Choice of Syrup","Hazelnut Syrup @50",5.00,5.00,25.000,125.00,0.00,125.00,6.25,131.25,0,
"MSFT Hyd","2025-07-16","POS","TAKEAWAY","188","FOOD","Desserts","Desserts","Cinnamon & Jaggery Tea Cake",1.00,1.00,147.340,147.34,0.00,147.34,7.37,154.71,0,
"MSFT Hyd","2025-07-16","POS","TAKEAWAY","186","FOOD","Desserts","Desserts","Belgian Chocolate Fudge Brownie",14.00,14.00,104.459,1462.42,0.00,1462.42,73.10,1535.52,0,
"MSFT Hyd","2025-07-17","POS","DINE IN","356","NA","Cold Beverages","Food Sampling for Microsoft/Compass","Regular Milk @160ML",1.00,1.00,0.000,0.00,0.00,0.00,0.00,0.00,0,
"MSFT Hyd","2025-07-17","POS","DINE IN","353","EMP MEAL","Emp Meal","Emp Meal","Emp Meal",3.00,3.00,0.000,0.00,0.00,0.00,0.00,0.00,0,
"MSFT Hyd","2025-07-17","POS","DINE IN","355","NA","Cold Beverages","Food Sampling for Microsoft/Compass","Volcano Blend@54g",1.00,1.00,0.000,0.00,0.00,0.00,0.00,0.00,0,
"MSFT Hyd","2025-07-17","POS","DINE IN","354","NA","Cold Beverages","Food Sampling for Microsoft/Compass","Master Blend",1.00,1.00,0.000,0.00,0.00,0.00,0.00,0.00,0,
"MSFT Hyd","2025-07-17","POS","TAKEAWAY","10","BEVERAGES","Cold Beverages","Cold Brews","Islander Cold Coffee-Lrg",27.00,27.00,190.000,5130.00,0.00,5130.00,256.50,5386.50,0,
"MSFT Hyd","2025-07-17","POS","TAKEAWAY","8","BEVERAGES","Cold Beverages","Cold Brews","Gelato Affagato",2.00,2.00,210.000,420.00,0.00,420.00,21.00,441.00,0,
"MSFT Hyd","2025-07-17","POS","TAKEAWAY","125","BEVERAGES","Hot Beverages","Hot Chocolate","Hazelnut Indulgent Hot Chocolate-Med",2.00,2.00,190.000,380.00,0.00,380.00,19.00,399.00,0,
"MSFT Hyd","2025-07-17","POS","TAKEAWAY","60","BEVERAGES","Cold Beverages","Overnight Brew","Overnite Espresso Gingerale Brew",1.00,1.00,220.000,220.00,0.00,220.00,11.00,231.00,0,
"MSFT Hyd","2025-07-17","POS","TAKEAWAY","6","BEVERAGES","Cold Beverages","Cold Brews","Bobastic Coffeeccino-Med",7.00,7.00,190.000,1330.00,0.00,1330.00,66.50,1396.50,0,
"MSFT Hyd","2025-07-17","POS","TAKEAWAY","32","BEVERAGES","Cold Beverages","Iced Chocolate","Guilt-Free Iced Chocolate-Lrg",2.00,2.00,190.000,380.00,0.00,380.00,19.00,399.00,0,
"MSFT Hyd","2025-07-17","POS","TAKEAWAY","337","BEVERAGES","ADDON","Choice of Milk","Regular - Milk -140g Default",8.00,8.00,0.000,0.00,0.00,0.00,0.00,0.00,0,
"MSFT Hyd","2025-07-17","POS","TAKEAWAY","188","FOOD","Desserts","Desserts","Cinnamon & Jaggery Tea Cake",4.00,4.00,147.340,589.36,0.00,589.36,29.48,618.84,0,
"MSFT Hyd","2025-07-17","POS","TAKEAWAY","7","BEVERAGES","Cold Beverages","Cold Brews","Bobastic Coffeeccino-Lrg",1.00,1.00,210.000,210.00,0.00,210.00,10.50,220.50,0,
"MSFT Hyd","2025-07-17","POS","TAKEAWAY","17","BEVERAGES","Cold Beverages","Granita","Slushed Pineapple Mango Sunshine Granita-Med",1.00,1.00,170.000,170.00,0.00,170.00,8.50,178.50,0,
"MSFT Hyd","2025-07-17","POS","TAKEAWAY","342","BEVERAGES","ADDON","Choice of Milk","Regular - Milk -200g Default",11.00,11.00,0.000,0.00,0.00,0.00,0.00,0.00,0,
"MSFT Hyd","2025-07-17","POS","TAKEAWAY","12","BEVERAGES","Cold Beverages","Cold Brews","Fizzy Espressione (Gingerale)",2.00,2.00,210.000,420.00,0.00,420.00,21.00,441.00,0,
"MSFT Hyd","2025-07-17","POS","TAKEAWAY","174","FOOD","Main Course","Hand Made Sandwiches","Garlic Mushroom & Caramelized Onion Melt",1.00,1.00,253.340,253.34,0.00,253.34,12.67,266.01,0,
"MSFT Hyd","2025-07-17","POS","TAKEAWAY","3","BEVERAGES","Cold Beverages","Cold Brews","Iced Latte Signature-Lrg",8.00,8.00,150.000,1200.00,0.00,1200.00,60.00,1260.00,0,
"MSFT Hyd","2025-07-17","POS","TAKEAWAY","35","BEVERAGES","Cold Beverages","Iced Chocolate","Classic Strawberry Iced Chocolate-Lrg",1.00,1.00,190.000,190.00,0.00,190.00,9.50,199.50,0,
"MSFT Hyd","2025-07-17","POS","TAKEAWAY","50","BEVERAGES","Cold Beverages","Island Special-Cold","Iced Vietneamese Shakerato",8.00,8.00,220.000,1760.00,0.00,1760.00,88.00,1848.00,0,
"MSFT Hyd","2025-07-17","POS","TAKEAWAY","166","BEVERAGES","ADDON","Choice of Syrup","Hazelnut Syrup @50",3.00,3.00,25.000,75.00,0.00,75.00,3.75,78.75,0,
"MSFT Hyd","2025-07-17","POS","TAKEAWAY","217","FOOD","Quick Bites","Puff & Toastie","Korean Garlic Mushroom Puff",6.00,6.00,104.460,626.76,0.00,626.76,31.32,658.08,0,
"MSFT Hyd","2025-07-17","POS","TAKEAWAY","144","BEVERAGES","ADDON","Choice of Beans","Ethiopia Blend 20g @0",1.00,1.00,0.000,0.00,0.00,0.00,0.00,0.00,0,
"MSFT Hyd","2025-07-17","POS","TAKEAWAY","87","BEVERAGES","Hot Beverages","Alternative Brews","Chemex",2.00,2.00,210.000,420.00,0.00,420.00,21.00,441.00,0,
"MSFT Hyd","2025-07-17","POS","TAKEAWAY","121","BEVERAGES","Hot Beverages","Hot Chocolate","Guilt-Free Hot Chocolate-Med",3.00,3.00,190.000,570.00,0.00,570.00,28.50,598.50,0,
"MSFT Hyd","2025-07-17","POS","TAKEAWAY","96","BEVERAGES","Hot Beverages","Hot Brews","Hot Latte Signature-Med",2.00,2.00,180.000,360.00,0.00,360.00,18.00,378.00,0,
"MSFT Hyd","2025-07-17","POS","TAKEAWAY","186","FOOD","Desserts","Desserts","Belgian Chocolate Fudge Brownie",6.00,6.00,104.460,626.76,0.00,626.76,31.32,658.08,0,
"MSFT Hyd","2025-07-17","POS","TAKEAWAY","116","BEVERAGES","Hot Beverages","Hot Chocolate","Signature Belgian Dark Hot Chocolate-Med",3.00,3.00,190.000,570.00,0.00,570.00,28.50,598.50,0,
"MSFT Hyd","2025-07-17","POS","TAKEAWAY","200","FOOD","Desserts","Gelato","Mango Sorbet Singal Scoop",2.00,2.00,99.000,198.00,0.00,198.00,9.90,207.90,0,
"MSFT Hyd","2025-07-17","POS","TAKEAWAY","210","FOOD","Quick Bites","Croissant Cookie & Muffin","Parker House Cream Pie Croissant",2.00,2.00,147.340,294.68,0.00,294.68,14.74,309.42,0,
"MSFT Hyd","2025-07-17","POS","TAKEAWAY","115","BEVERAGES","Hot Beverages","Hot Chocolate","Signature Belgian Dark Hot Chocolate-reg",5.00,5.00,170.000,850.00,0.00,850.00,42.50,892.50,0,
"MSFT Hyd","2025-07-17","POS","TAKEAWAY","340","BEVERAGES","ADDON","Choice of Milk","Regular - Milk -170g Default",11.00,11.00,0.000,0.00,0.00,0.00,0.00,0.00,0,
"MSFT Hyd","2025-07-17","POS","TAKEAWAY","189","FOOD","Desserts","Desserts","New York Cheesecake",4.00,4.00,253.340,1013.36,0.00,1013.36,50.68,1064.04,0,
"MSFT Hyd","2025-07-17","POS","TAKEAWAY","212","FOOD","Quick Bites","Croissant Cookie & Muffin","French Butter Croissant",5.00,5.00,104.460,522.30,0.00,522.30,26.10,548.40,0,
"MSFT Hyd","2025-07-17","POS","TAKEAWAY","167","BEVERAGES","ADDON","Choice of Syrup","Salted Caramel Syrup @50",3.00,3.00,25.000,75.00,0.00,75.00,3.75,78.75,0,
"MSFT Hyd","2025-07-17","POS","TAKEAWAY","237","BEVERAGES","ADDON","Choice of Crema","Salted Caramel Crema - 0  (Default)",8.00,8.00,0.000,0.00,0.00,0.00,0.00,0.00,0,
"MSFT Hyd","2025-07-17","POS","TAKEAWAY","140","BEVERAGES","ADDON","Choice of Beans","Ethiopia Blend @25",2.00,2.00,25.000,50.00,0.00,50.00,2.50,52.50,0,
"MSFT Hyd","2025-07-17","POS","TAKEAWAY","185","FOOD","Desserts","Desserts","Cold Brew Tiramisu",2.00,2.00,253.340,506.68,0.00,506.68,25.34,532.02,0,
"MSFT Hyd","2025-07-17","POS","TAKEAWAY","71","BEVERAGES","Cold Beverages","Refresh","Iced Classic Lemon Tea-Lrg",1.00,1.00,150.000,150.00,0.00,150.00,7.50,157.50,0,
"MSFT Hyd","2025-07-17","POS","TAKEAWAY","336","BEVERAGES","ADDON","Choice of Milk","Regular - Milk -130g Default",13.00,13.00,0.000,0.00,0.00,0.00,0.00,0.00,0,
"MSFT Hyd","2025-07-17","POS","TAKEAWAY","61","BEVERAGES","Cold Beverages","Overnight Brew","Overnite Espresso Vietnamese Brew",2.00,2.00,220.000,440.00,0.00,440.00,22.00,462.00,0,
"MSFT Hyd","2025-07-17","POS","TAKEAWAY","165","BEVERAGES","ADDON","Choice of Syrup","Irish Syrup @50",1.00,1.00,25.000,25.00,0.00,25.00,1.25,26.25,0,
"MSFT Hyd","2025-07-17","POS","TAKEAWAY","146","BEVERAGES","ADDON","Choice of Beans","Ethiopia Single Estate 20g@Default",2.00,2.00,0.000,0.00,0.00,0.00,0.00,0.00,0,
"MSFT Hyd","2025-07-17","POS","TAKEAWAY","338","BEVERAGES","ADDON","Choice of Milk","Regular - Milk -150g Default",4.00,4.00,0.000,0.00,0.00,0.00,0.00,0.00,0,
"MSFT Hyd","2025-07-17","POS","TAKEAWAY","339","BEVERAGES","ADDON","Choice of Milk","Regular - Milk -160g Default",9.00,9.00,0.000,0.00,0.00,0.00,0.00,0.00,0,
"MSFT Hyd","2025-07-17","POS","TAKEAWAY","38","BEVERAGES","Cold Beverages","Iced Chocolate","Dreamy Hazelnut Iced Chocolate-Lrg",3.00,3.00,190.000,570.00,0.00,570.00,28.50,598.50,0,
"MSFT Hyd","2025-07-17","POS","TAKEAWAY","141","BEVERAGES","ADDON","Choice of Beans","Kenya Single Estate @50",1.00,1.00,50.000,50.00,0.00,50.00,2.50,52.50,0,
"MSFT Hyd","2025-07-17","POS","TAKEAWAY","150","BEVERAGES","ADDON","Choice of Milk","Almond Milk @50",1.00,1.00,50.000,50.00,0.00,50.00,2.50,52.50,0,
"MSFT Hyd","2025-07-17","POS","TAKEAWAY","142","BEVERAGES","ADDON","Choice of Beans","Ethiopia Single Estate @50",1.00,1.00,50.000,50.00,0.00,50.00,2.50,52.50,0,
"MSFT Hyd","2025-07-17","POS","TAKEAWAY","136","BEVERAGES","Hot Beverages","Island Special-Hot","Spanish Bombon (Small)",1.00,1.00,220.000,220.00,0.00,220.00,11.00,231.00,0,
"MSFT Hyd","2025-07-17","POS","TAKEAWAY","64","BEVERAGES","Cold Beverages","Proffees (Protein + Coffee)","Espresso Proffee (Protein + Coffee)",1.00,1.00,220.000,220.00,0.00,220.00,11.00,231.00,0,
"MSFT Hyd","2025-07-17","POS","TAKEAWAY","178","FOOD","Main Course","Pizza","Roasted Tomato Basil Bocconcini Pide",1.00,1.00,253.000,253.00,0.00,253.00,12.65,265.65,0,
"MSFT Hyd","2025-07-17","POS","TAKEAWAY","49","BEVERAGES","Cold Beverages","Island Special-Cold","Freddo Cappuccino-Med",3.00,3.00,170.000,510.00,0.00,510.00,25.50,535.50,0,
"MSFT Hyd","2025-07-17","POS","TAKEAWAY","55","BEVERAGES","Cold Beverages","Milk Shake","Berry Burst Paradise Milkshake-Lrg",1.00,1.00,210.000,210.00,0.00,210.00,10.50,220.50,0,
"MSFT Hyd","2025-07-17","POS","TAKEAWAY","234","BEVERAGES","ADDON","Choice of Beans","Master Blend - (Default)",11.00,11.00,0.000,0.00,0.00,0.00,0.00,0.00,0,
"MSFT Hyd","2025-07-17","POS","TAKEAWAY","332","BEVERAGES","ADDON","Choice of Milk","Regular - Milk -90g Default",6.00,6.00,0.000,0.00,0.00,0.00,0.00,0.00,0,
"MSFT Hyd","2025-07-17","POS","TAKEAWAY","184","FOOD","Main Course","Wholesome Wrap","Smoked Cottage Cheese Wrap",2.00,2.00,253.340,506.68,0.00,506.68,25.34,532.02,0,
"MSFT Hyd","2025-07-17","POS","TAKEAWAY","106","BEVERAGES","Hot Beverages","Hot Brews","Cappuccino-reg",12.00,12.00,160.000,1920.00,0.00,1920.00,96.00,2016.00,0,
"MSFT Hyd","2025-07-17","POS","TAKEAWAY","209","FOOD","Desserts","Gelato","Dark Chocolate SSC Single Scoop",4.00,4.00,99.000,396.00,0.00,396.00,19.80,415.80,0,
"MSFT Hyd","2025-07-17","POS","TAKEAWAY","341","BEVERAGES","ADDON","Choice of Milk","Regular - Milk -180g Default",1.00,1.00,0.000,0.00,0.00,0.00,0.00,0.00,0,
"MSFT Hyd","2025-07-17","POS","TAKEAWAY","4","BEVERAGES","Cold Beverages","Cold Brews","Fizzy Espressione (Tonic Water)",1.00,1.00,220.000,220.00,0.00,220.00,11.00,231.00,0,
"MSFT Hyd","2025-07-17","POS","TAKEAWAY","118","BEVERAGES","Hot Beverages","Hot Chocolate","Classic Strawberry Hot Chocolate-Med",2.00,2.00,190.000,380.00,0.00,380.00,19.00,399.00,0,
"MSFT Hyd","2025-07-17","POS","TAKEAWAY","122","BEVERAGES","Hot Beverages","Hot Chocolate","Guilt-Free Hot Chocolate-Reg",2.00,2.00,170.000,340.00,0.00,340.00,17.00,357.00,0,
"MSFT Hyd","2025-07-17","POS","TAKEAWAY","213","FOOD","Quick Bites","Croissant Cookie & Muffin","Sea Salt Caramel Brookie",1.00,1.00,147.340,147.34,0.00,147.34,7.37,154.71,0,
"MSFT Hyd","2025-07-17","POS","TAKEAWAY","48","BEVERAGES","Cold Beverages","Island Special-Cold","Freddo Cappuccino-Lrg",2.00,2.00,190.000,380.00,0.00,380.00,19.00,399.00,0,
"MSFT Hyd","2025-07-17","POS","TAKEAWAY","220","FOOD","Quick Bites","Puff & Toastie","Herb Chicken Open Puff",3.00,3.00,147.340,442.02,0.00,442.02,22.11,464.13,0,
"MSFT Hyd","2025-07-17","POS","TAKEAWAY","135","BEVERAGES","Hot Beverages","Island Special-Hot","Mocha Espressione Hot-reg",8.00,8.00,190.000,1520.00,0.00,1520.00,76.00,1596.00,0,
"MSFT Hyd","2025-07-17","POS","TAKEAWAY","15","BEVERAGES","Cold Beverages","Cold Brews","Iced Americano-Med",2.00,2.00,160.000,320.00,0.00,320.00,16.00,336.00,0,
"MSFT Hyd","2025-07-17","POS","TAKEAWAY","90","BEVERAGES","Hot Beverages","Hot Brews","Cortardo (Small)",1.00,1.00,160.000,160.00,0.00,160.00,8.00,168.00,0,
"MSFT Hyd","2025-07-17","POS","TAKEAWAY","196","FOOD","Desserts","Gelato","Belgian Chocolate Singal Scoop",9.00,9.00,99.000,891.00,0.00,891.00,44.55,935.55,0,
"MSFT Hyd","2025-07-17","POS","TAKEAWAY","214","FOOD","Quick Bites","Croissant Cookie & Muffin","Oats & Honey Delight Muffin",1.00,1.00,200.000,200.00,0.00,200.00,10.00,210.00,0,
"MSFT Hyd","2025-07-17","POS","TAKEAWAY","151","BEVERAGES","ADDON","Choice of Milk","Oat Milk @50",2.00,2.00,50.000,100.00,0.00,100.00,5.00,105.00,0,
"MSFT Hyd","2025-07-17","POS","TAKEAWAY","205","FOOD","Desserts","Gelato","French Vanilla Single Scoop",3.00,3.00,99.000,297.00,0.00,297.00,14.85,311.85,0,
"MSFT Hyd","2025-07-17","POS","TAKEAWAY","105","BEVERAGES","Hot Beverages","Hot Brews","Cappuccino-Med",7.00,7.00,180.000,1260.00,0.00,1260.00,63.00,1323.00,0,
"MSFT Hyd","2025-07-17","POS","TAKEAWAY","177","FOOD","Main Course","Pizza","Chipotle Chicken Mozzarella Pide",2.00,2.00,253.000,506.00,0.00,506.00,25.30,531.30,0,
"MSFT Hyd","2025-07-17","POS","TAKEAWAY","14","BEVERAGES","Cold Beverages","Cold Brews","Iced Americano-Lrg",3.00,3.00,180.000,540.00,0.00,540.00,27.00,567.00,0,
"MSFT Hyd","2025-07-17","POS","TAKEAWAY","119","BEVERAGES","Hot Beverages","Hot Chocolate","Classic Strawberry Hot Chocolate-reg",1.00,1.00,170.000,170.00,0.00,170.00,8.50,178.50,0,
"MSFT Hyd","2025-07-17","POS","TAKEAWAY","42","BEVERAGES","Cold Beverages","Island Special-Cold","Freddo Espresso Ristretto-Med",2.00,2.00,190.000,380.00,0.00,380.00,19.00,399.00,0,
"MSFT Hyd","2025-07-17","POS","TAKEAWAY","333","BEVERAGES","ADDON","Choice of Milk","Regular - Milk -100g Default",5.00,5.00,0.000,0.00,0.00,0.00,0.00,0.00,0,
"MSFT Hyd","2025-07-17","POS","TAKEAWAY","2","BEVERAGES","Cold Beverages","Cold Brews","Iced Latte Signature-Med",4.00,4.00,130.000,520.00,0.00,520.00,26.00,546.00,0,
"MSFT Hyd","2025-07-17","POS","TAKEAWAY","94","BEVERAGES","Hot Beverages","Hot Brews","Flat White",2.00,2.00,170.000,340.00,0.00,340.00,17.00,357.00,0,
"MSFT Hyd","2025-07-17","POS","TAKEAWAY","52","BEVERAGES","Cold Beverages","Milk Shake","Double Chocolate Indulgent Milkshake-Med",1.00,1.00,190.000,190.00,0.00,190.00,9.50,199.50,0,
"MSFT Hyd","2025-07-17","POS","TAKEAWAY","335","BEVERAGES","ADDON","Choice of Milk","Regular - Milk -120g Default",2.00,2.00,0.000,0.00,0.00,0.00,0.00,0.00,0,
"MSFT Hyd","2025-07-17","POS","TAKEAWAY","86","BEVERAGES","Hot Beverages","Alternative Brews","Island Pour Over",1.00,1.00,210.000,210.00,0.00,210.00,10.50,220.50,0,
"MSFT Hyd","2025-07-17","POS","TAKEAWAY","11","BEVERAGES","Cold Beverages","Cold Brews","Islander Cold Coffee-Med",15.00,15.00,180.000,2700.00,0.00,2700.00,135.00,2835.00,0,
"MSFT Hyd","2025-07-17","POS","TAKEAWAY","343","BEVERAGES","ADDON","Choice of Milk","Regular - Milk -210g Default",2.00,2.00,0.000,0.00,0.00,0.00,0.00,0.00,0,
"MSFT Hyd","2025-07-17","POS","TAKEAWAY","134","BEVERAGES","Hot Beverages","Island Special-Hot","Mocha Espressione Hot-Med",1.00,1.00,210.000,210.00,0.00,210.00,10.50,220.50,0,
"MSFT Hyd","2025-07-17","POS","TAKEAWAY","45","BEVERAGES","Cold Beverages","Island Special-Cold","Mocha Espressione Cold-Med",5.00,5.00,190.000,950.00,0.00,950.00,47.50,997.50,0,
"MSFT Hyd","2025-07-17","POS","TAKEAWAY","63","BEVERAGES","Cold Beverages","Proffees (Protein + Coffee)","Cookie & Cream Proffee (Protein + Coffee)",2.00,2.00,220.000,440.00,0.00,440.00,22.00,462.00,0,
"MSFT Hyd","2025-07-17","POS","TAKEAWAY","190","FOOD","Desserts","Desserts","Pecan & Date Tea Cake",1.00,1.00,200.000,200.00,0.00,200.00,10.00,210.00,0,
"MSFT Hyd","2025-07-17","POS","TAKEAWAY","235","BEVERAGES","ADDON","Choice of Beans","Volcano Blend - (Default)",110.00,110.00,0.000,0.00,0.00,0.00,0.00,0.00,0,
"MSFT Hyd","2025-07-17","POS","TAKEAWAY","33","BEVERAGES","Cold Beverages","Iced Chocolate","Guilt-Free Iced Chocolate-Med",2.00,2.00,170.000,340.00,0.00,340.00,17.00,357.00,0,
"MSFT Hyd","2025-07-17","POS","TAKEAWAY","216","FOOD","Quick Bites","Croissant Cookie & Muffin","White Chocolate & Pistachio Flat Croissant",3.00,3.00,147.340,442.02,0.00,442.02,22.11,464.13,0,
"MSFT Hyd","2025-07-17","POS","TAKEAWAY","53","BEVERAGES","Cold Beverages","Milk Shake","Double Chocolate Indulgent Milkshake-Lrg",1.00,1.00,210.000,210.00,0.00,210.00,10.50,220.50,0,
"MSFT Hyd","2025-07-17","POS","TAKEAWAY","161","BEVERAGES","ADDON","Choice of Crema","Salted Caramel Crema @50",1.00,1.00,24.760,24.76,0.00,24.76,1.24,26.00,0,
"MSFT Hyd","2025-07-17","POS","TAKEAWAY","219","FOOD","Quick Bites","Puff & Toastie","Peri Peri Cheese Toastie",4.00,4.00,200.000,800.00,0.00,800.00,40.00,840.00,0,
"MSFT Hyd","2025-07-17","POS","TAKEAWAY","344","BEVERAGES","ADDON","Choice of Milk","Regular - Milk -220g Default",16.00,16.00,0.000,0.00,0.00,0.00,0.00,0.00,0,
"MSFT Hyd","2025-07-17","POS","TAKEAWAY","97","BEVERAGES","Hot Beverages","Hot Brews","Hot Latte Signature-reg",5.00,5.00,160.000,800.00,0.00,800.00,40.00,840.00,0,
"MSFT Hyd","2025-07-17","POS","TAKEAWAY","99","BEVERAGES","Hot Beverages","Hot Brews","Americano-reg",2.00,2.00,140.000,280.00,0.00,280.00,14.00,294.00,0,
"MSFT Hyd","2025-07-18","POS","DINE IN","353","EMP MEAL","Emp Meal","Emp Meal","Emp Meal",2.00,2.00,0.000,0.00,0.00,0.00,0.00,0.00,0,
"MSFT Hyd","2025-07-18","POS","DINE IN","356","NA","Cold Beverages","Food Sampling for Microsoft/Compass","Regular Milk @160ML",1.00,1.00,0.000,0.00,0.00,0.00,0.00,0.00,0,
"MSFT Hyd","2025-07-18","POS","DINE IN","355","NA","Cold Beverages","Food Sampling for Microsoft/Compass","Volcano Blend@54g",1.00,1.00,0.000,0.00,0.00,0.00,0.00,0.00,0,
"MSFT Hyd","2025-07-18","POS","DINE IN","354","NA","Cold Beverages","Food Sampling for Microsoft/Compass","Master Blend",1.00,1.00,0.000,0.00,0.00,0.00,0.00,0.00,0,
"MSFT Hyd","2025-07-18","POS","TAKEAWAY","88","BEVERAGES","Hot Beverages","Alternative Brews","Aero Press",3.00,3.00,210.000,630.00,0.00,630.00,31.50,661.50,0,
"MSFT Hyd","2025-07-18","POS","TAKEAWAY","121","BEVERAGES","Hot Beverages","Hot Chocolate","Guilt-Free Hot Chocolate-Med",12.00,12.00,190.000,2280.00,0.00,2280.00,114.00,2394.00,0,
"MSFT Hyd","2025-07-18","POS","TAKEAWAY","3","BEVERAGES","Cold Beverages","Cold Brews","Iced Latte Signature-Lrg",11.00,11.00,150.000,1650.00,0.00,1650.00,82.50,1732.50,0,
"MSFT Hyd","2025-07-18","POS","TAKEAWAY","62","BEVERAGES","Cold Beverages","Overnight Brew","Overnite Espresso Classic Brew",2.00,2.00,220.000,440.00,0.00,440.00,22.00,462.00,0,
"MSFT Hyd","2025-07-18","POS","TAKEAWAY","235","BEVERAGES","ADDON","Choice of Beans","Volcano Blend - (Default)",135.00,135.00,0.000,0.00,0.00,0.00,0.00,0.00,0,
"MSFT Hyd","2025-07-18","POS","TAKEAWAY","116","BEVERAGES","Hot Beverages","Hot Chocolate","Signature Belgian Dark Hot Chocolate-Med",10.00,10.00,190.000,1900.00,0.00,1900.00,95.00,1995.00,0,
"MSFT Hyd","2025-07-18","POS","TAKEAWAY","338","BEVERAGES","ADDON","Choice of Milk","Regular - Milk -150g Default",10.00,10.00,0.000,0.00,0.00,0.00,0.00,0.00,0,
"MSFT Hyd","2025-07-18","POS","TAKEAWAY","170","FOOD","Main Course","Hand Made Sandwiches","Roasted Tomato & Bocconcini Croissant",3.00,3.00,253.343,760.03,0.00,760.03,38.00,798.03,0,
"MSFT Hyd","2025-07-18","POS","TAKEAWAY","333","BEVERAGES","ADDON","Choice of Milk","Regular - Milk -100g Default",2.00,2.00,0.000,0.00,0.00,0.00,0.00,0.00,0,
"MSFT Hyd","2025-07-18","POS","TAKEAWAY","23","BEVERAGES","Cold Beverages","Granita","Slushed Peach Paradise Granita-Med",1.00,1.00,170.000,170.00,0.00,170.00,8.50,178.50,0,
"MSFT Hyd","2025-07-18","POS","TAKEAWAY","99","BEVERAGES","Hot Beverages","Hot Brews","Americano-reg",8.00,8.00,140.000,1120.00,0.00,1120.00,56.00,1176.00,0,
"MSFT Hyd","2025-07-18","POS","TAKEAWAY","343","BEVERAGES","ADDON","Choice of Milk","Regular - Milk -210g Default",3.00,3.00,0.000,0.00,0.00,0.00,0.00,0.00,0,
"MSFT Hyd","2025-07-18","POS","TAKEAWAY","150","BEVERAGES","ADDON","Choice of Milk","Almond Milk @50",3.00,3.00,50.000,150.00,0.00,150.00,7.50,157.50,0,
"MSFT Hyd","2025-07-18","POS","TAKEAWAY","97","BEVERAGES","Hot Beverages","Hot Brews","Hot Latte Signature-reg",10.00,10.00,160.000,1600.00,0.00,1600.00,80.00,1680.00,0,
"MSFT Hyd","2025-07-18","POS","TAKEAWAY","221","FOOD","Quick Bites","Puff & Toastie","Chipotle Paneer Bhurji & Broccomole Toastie",1.00,1.00,253.340,253.34,0.00,253.34,12.67,266.01,0,
"MSFT Hyd","2025-07-18","POS","TAKEAWAY","211","FOOD","Quick Bites","Croissant Cookie & Muffin","Double Choco Chunk Cookie",7.00,7.00,104.459,731.21,0.00,731.21,36.55,767.76,0,
"MSFT Hyd","2025-07-18","POS","TAKEAWAY","185","FOOD","Desserts","Desserts","Cold Brew Tiramisu",5.00,5.00,253.340,1266.70,0.00,1266.70,63.35,1330.05,0,
"MSFT Hyd","2025-07-18","POS","TAKEAWAY","139","BEVERAGES","ADDON","Choice of Beans","Kenya Blend @25",2.00,2.00,25.000,50.00,0.00,50.00,2.50,52.50,0,
"MSFT Hyd","2025-07-18","POS","TAKEAWAY","215","FOOD","Quick Bites","Croissant Cookie & Muffin","Rocky Road & Pecan Muffin",2.00,2.00,200.000,400.00,0.00,400.00,20.00,420.00,0,
"MSFT Hyd","2025-07-18","POS","TAKEAWAY","216","FOOD","Quick Bites","Croissant Cookie & Muffin","White Chocolate & Pistachio Flat Croissant",6.00,6.00,147.340,884.04,0.00,884.04,44.22,928.26,0,
"MSFT Hyd","2025-07-18","POS","TAKEAWAY","32","BEVERAGES","Cold Beverages","Iced Chocolate","Guilt-Free Iced Chocolate-Lrg",4.00,4.00,190.000,760.00,0.00,760.00,38.00,798.00,0,
"MSFT Hyd","2025-07-18","POS","TAKEAWAY","10","BEVERAGES","Cold Beverages","Cold Brews","Islander Cold Coffee-Lrg",44.00,44.00,190.000,8360.00,0.00,8360.00,418.00,8778.00,0,
"MSFT Hyd","2025-07-18","POS","TAKEAWAY","140","BEVERAGES","ADDON","Choice of Beans","Ethiopia Blend @25",1.00,1.00,25.000,25.00,0.00,25.00,1.25,26.25,0,
"MSFT Hyd","2025-07-18","POS","TAKEAWAY","41","BEVERAGES","Cold Beverages","Island Special-Cold","Freddo Espresso Ristretto-Lrg",1.00,1.00,210.000,210.00,0.00,210.00,10.50,220.50,0,
"MSFT Hyd","2025-07-18","POS","TAKEAWAY","132","BEVERAGES","Hot Beverages","Hot Tea","Morning Breakfast Tea",1.00,1.00,170.000,170.00,0.00,170.00,8.50,178.50,0,
"MSFT Hyd","2025-07-18","POS","TAKEAWAY","17","BEVERAGES","Cold Beverages","Granita","Slushed Pineapple Mango Sunshine Granita-Med",1.00,1.00,170.000,170.00,0.00,170.00,8.50,178.50,0,
"MSFT Hyd","2025-07-18","POS","TAKEAWAY","161","BEVERAGES","ADDON","Choice of Crema","Salted Caramel Crema @50",1.00,1.00,24.760,24.76,0.00,24.76,1.24,26.00,0,
"MSFT Hyd","2025-07-18","POS","TAKEAWAY","39","BEVERAGES","Cold Beverages","Iced Chocolate","Dreamy Hazelnut Iced Chocolate-Med",1.00,1.00,170.000,170.00,0.00,170.00,8.50,178.50,0,
"MSFT Hyd","2025-07-18","POS","TAKEAWAY","92","BEVERAGES","Hot Beverages","Hot Brews","Espresso (Single)",1.00,1.00,130.000,130.00,0.00,130.00,6.50,136.50,0,
"MSFT Hyd","2025-07-18","POS","TAKEAWAY","219","FOOD","Quick Bites","Puff & Toastie","Peri Peri Cheese Toastie",1.00,1.00,200.000,200.00,0.00,200.00,10.00,210.00,0,
"MSFT Hyd","2025-07-18","POS","TAKEAWAY","52","BEVERAGES","Cold Beverages","Milk Shake","Double Chocolate Indulgent Milkshake-Med",1.00,1.00,190.000,190.00,0.00,190.00,9.50,199.50,0,
"MSFT Hyd","2025-07-18","POS","TAKEAWAY","332","BEVERAGES","ADDON","Choice of Milk","Regular - Milk -90g Default",15.00,15.00,0.000,0.00,0.00,0.00,0.00,0.00,0,
"MSFT Hyd","2025-07-18","POS","TAKEAWAY","67","BEVERAGES","Cold Beverages","Refresh","Bobastic Raw Mango Refresh Tea-Med",1.00,1.00,190.000,190.00,0.00,190.00,9.50,199.50,0,
"MSFT Hyd","2025-07-18","POS","TAKEAWAY","61","BEVERAGES","Cold Beverages","Overnight Brew","Overnite Espresso Vietnamese Brew",2.00,2.00,220.000,440.00,0.00,440.00,22.00,462.00,0,
"MSFT Hyd","2025-07-18","POS","TAKEAWAY","209","FOOD","Desserts","Gelato","Dark Chocolate SSC Single Scoop",6.00,6.00,99.000,594.00,0.00,594.00,29.70,623.70,0,
"MSFT Hyd","2025-07-18","POS","TAKEAWAY","217","FOOD","Quick Bites","Puff & Toastie","Korean Garlic Mushroom Puff",2.00,2.00,104.455,208.91,0.00,208.91,10.45,219.36,0,
"MSFT Hyd","2025-07-18","POS","TAKEAWAY","48","BEVERAGES","Cold Beverages","Island Special-Cold","Freddo Cappuccino-Lrg",3.00,3.00,190.000,570.00,0.00,570.00,28.50,598.50,0,
"MSFT Hyd","2025-07-18","POS","TAKEAWAY","64","BEVERAGES","Cold Beverages","Proffees (Protein + Coffee)","Espresso Proffee (Protein + Coffee)",1.00,1.00,220.000,220.00,0.00,220.00,11.00,231.00,0,
"MSFT Hyd","2025-07-18","POS","TAKEAWAY","167","BEVERAGES","ADDON","Choice of Syrup","Salted Caramel Syrup @50",3.00,3.00,25.000,75.00,0.00,75.00,3.75,78.75,0,
"MSFT Hyd","2025-07-18","POS","TAKEAWAY","94","BEVERAGES","Hot Beverages","Hot Brews","Flat White",2.00,2.00,170.000,340.00,0.00,340.00,17.00,357.00,0,
"MSFT Hyd","2025-07-18","POS","TAKEAWAY","237","BEVERAGES","ADDON","Choice of Crema","Salted Caramel Crema - 0  (Default)",16.00,16.00,0.000,0.00,0.00,0.00,0.00,0.00,0,
"MSFT Hyd","2025-07-18","POS","TAKEAWAY","106","BEVERAGES","Hot Beverages","Hot Brews","Cappuccino-reg",16.00,16.00,160.000,2560.00,0.00,2560.00,128.00,2688.00,0,
"MSFT Hyd","2025-07-18","POS","TAKEAWAY","29","BEVERAGES","Cold Beverages","Iced Chocolate","Classic Iced Chocolate-Lrg",1.00,1.00,190.000,190.00,0.00,190.00,9.50,199.50,0,
"MSFT Hyd","2025-07-18","POS","TAKEAWAY","135","BEVERAGES","Hot Beverages","Island Special-Hot","Mocha Espressione Hot-reg",8.00,8.00,190.000,1520.00,0.00,1520.00,76.00,1596.00,0,
"MSFT Hyd","2025-07-18","POS","TAKEAWAY","115","BEVERAGES","Hot Beverages","Hot Chocolate","Signature Belgian Dark Hot Chocolate-reg",8.00,8.00,170.000,1360.00,0.00,1360.00,68.00,1428.00,0,
"MSFT Hyd","2025-07-18","POS","TAKEAWAY","196","FOOD","Desserts","Gelato","Belgian Chocolate Singal Scoop",13.00,13.00,99.000,1287.00,0.00,1287.00,64.35,1351.35,0,
"MSFT Hyd","2025-07-18","POS","TAKEAWAY","2","BEVERAGES","Cold Beverages","Cold Brews","Iced Latte Signature-Med",9.00,9.00,130.000,1170.00,0.00,1170.00,58.50,1228.50,0,
"MSFT Hyd","2025-07-18","POS","TAKEAWAY","45","BEVERAGES","Cold Beverages","Island Special-Cold","Mocha Espressione Cold-Med",1.00,1.00,190.000,190.00,0.00,190.00,9.50,199.50,0,
"MSFT Hyd","2025-07-18","POS","TAKEAWAY","50","BEVERAGES","Cold Beverages","Island Special-Cold","Iced Vietneamese Shakerato",4.00,4.00,220.000,880.00,0.00,880.00,44.00,924.00,0,
"MSFT Hyd","2025-07-18","POS","TAKEAWAY","165","BEVERAGES","ADDON","Choice of Syrup","Irish Syrup @50",2.00,2.00,25.000,50.00,0.00,50.00,2.50,52.50,0,
"MSFT Hyd","2025-07-18","POS","TAKEAWAY","137","BEVERAGES","ADDON","Choice of Beans","Volcano Blend@0",3.00,3.00,0.000,0.00,0.00,0.00,0.00,0.00,0,
"MSFT Hyd","2025-07-18","POS","TAKEAWAY","122","BEVERAGES","Hot Beverages","Hot Chocolate","Guilt-Free Hot Chocolate-Reg",3.00,3.00,170.000,510.00,0.00,510.00,25.50,535.50,0,
"MSFT Hyd","2025-07-18","POS","TAKEAWAY","340","BEVERAGES","ADDON","Choice of Milk","Regular - Milk -170g Default",21.00,21.00,0.000,0.00,0.00,0.00,0.00,0.00,0,
"MSFT Hyd","2025-07-18","POS","TAKEAWAY","105","BEVERAGES","Hot Beverages","Hot Brews","Cappuccino-Med",13.00,13.00,180.000,2340.00,0.00,2340.00,117.00,2457.00,0,
"MSFT Hyd","2025-07-18","POS","TAKEAWAY","6","BEVERAGES","Cold Beverages","Cold Brews","Bobastic Coffeeccino-Med",16.00,16.00,190.000,3040.00,0.00,3040.00,152.00,3192.00,0,
"MSFT Hyd","2025-07-18","POS","TAKEAWAY","341","BEVERAGES","ADDON","Choice of Milk","Regular - Milk -180g Default",1.00,1.00,0.000,0.00,0.00,0.00,0.00,0.00,0,
"MSFT Hyd","2025-07-18","POS","TAKEAWAY","183","FOOD","Main Course","Wholesome Wrap","Sriracha Chicken & Avocado Wrap",1.00,1.00,253.340,253.34,0.00,253.34,12.67,266.01,0,
"MSFT Hyd","2025-07-18","POS","TAKEAWAY","55","BEVERAGES","Cold Beverages","Milk Shake","Berry Burst Paradise Milkshake-Lrg",1.00,1.00,210.000,210.00,0.00,210.00,10.50,220.50,0,
"MSFT Hyd","2025-07-18","POS","TAKEAWAY","12","BEVERAGES","Cold Beverages","Cold Brews","Fizzy Espressione (Gingerale)",2.00,2.00,210.000,420.00,0.00,420.00,21.00,441.00,0,
"MSFT Hyd","2025-07-18","POS","TAKEAWAY","81","BEVERAGES","Cold Beverages","Refresh","Iced Apple Green Tea-Med",1.00,1.00,130.000,130.00,0.00,130.00,6.50,136.50,0,
"MSFT Hyd","2025-07-18","POS","TAKEAWAY","15","BEVERAGES","Cold Beverages","Cold Brews","Iced Americano-Med",1.00,1.00,160.000,160.00,0.00,160.00,8.00,168.00,0,
"MSFT Hyd","2025-07-18","POS","TAKEAWAY","234","BEVERAGES","ADDON","Choice of Beans","Master Blend - (Default)",18.00,18.00,0.000,0.00,0.00,0.00,0.00,0.00,0,
"MSFT Hyd","2025-07-18","POS","TAKEAWAY","141","BEVERAGES","ADDON","Choice of Beans","Kenya Single Estate @50",2.00,2.00,50.000,100.00,0.00,100.00,5.00,105.00,0,
"MSFT Hyd","2025-07-18","POS","TAKEAWAY","166","BEVERAGES","ADDON","Choice of Syrup","Hazelnut Syrup @50",9.00,9.00,25.000,225.00,0.00,225.00,11.25,236.25,0,
"MSFT Hyd","2025-07-18","POS","TAKEAWAY","86","BEVERAGES","Hot Beverages","Alternative Brews","Island Pour Over",2.00,2.00,210.000,420.00,0.00,420.00,21.00,441.00,0,
"MSFT Hyd","2025-07-18","POS","TAKEAWAY","218","FOOD","Quick Bites","Puff & Toastie","Herb Infused Roasted Chicken Toastie",1.00,1.00,200.000,200.00,0.00,200.00,10.00,210.00,0,
"MSFT Hyd","2025-07-18","POS","TAKEAWAY","38","BEVERAGES","Cold Beverages","Iced Chocolate","Dreamy Hazelnut Iced Chocolate-Lrg",5.00,5.00,190.000,950.00,0.00,950.00,47.50,997.50,0,
"MSFT Hyd","2025-07-18","POS","TAKEAWAY","44","BEVERAGES","Cold Beverages","Island Special-Cold","Mocha Espressione Cold-Lrg",1.00,1.00,210.000,210.00,0.00,210.00,10.50,220.50,0,
"MSFT Hyd","2025-07-18","POS","TAKEAWAY","8","BEVERAGES","Cold Beverages","Cold Brews","Gelato Affagato",1.00,1.00,210.000,210.00,0.00,210.00,10.50,220.50,0,
"MSFT Hyd","2025-07-18","POS","TAKEAWAY","184","FOOD","Main Course","Wholesome Wrap","Smoked Cottage Cheese Wrap",4.00,4.00,253.340,1013.36,0.00,1013.36,50.68,1064.04,0,
"MSFT Hyd","2025-07-18","POS","TAKEAWAY","342","BEVERAGES","ADDON","Choice of Milk","Regular - Milk -200g Default",19.00,19.00,0.000,0.00,0.00,0.00,0.00,0.00,0,
"MSFT Hyd","2025-07-18","POS","TAKEAWAY","189","FOOD","Desserts","Desserts","New York Cheesecake",6.00,6.00,253.340,1520.04,0.00,1520.04,76.02,1596.06,0,
"MSFT Hyd","2025-07-18","POS","TAKEAWAY","186","FOOD","Desserts","Desserts","Belgian Chocolate Fudge Brownie",16.00,16.00,104.459,1671.35,0.00,1671.35,83.53,1754.88,0,
"MSFT Hyd","2025-07-18","POS","TAKEAWAY","212","FOOD","Quick Bites","Croissant Cookie & Muffin","French Butter Croissant",3.00,3.00,104.460,313.38,0.00,313.38,15.66,329.04,0,
"MSFT Hyd","2025-07-18","POS","TAKEAWAY","339","BEVERAGES","ADDON","Choice of Milk","Regular - Milk -160g Default",14.00,14.00,0.000,0.00,0.00,0.00,0.00,0.00,0,
"MSFT Hyd","2025-07-18","POS","TAKEAWAY","78","BEVERAGES","Cold Beverages","Refresh","Bobastic Peach Paradise Refresh Tea-Med",2.00,2.00,190.000,380.00,0.00,380.00,19.00,399.00,0,
"MSFT Hyd","2025-07-18","POS","TAKEAWAY","200","FOOD","Desserts","Gelato","Mango Sorbet Singal Scoop",1.00,1.00,99.000,99.00,0.00,99.00,4.95,103.95,0,
"MSFT Hyd","2025-07-18","POS","TAKEAWAY","151","BEVERAGES","ADDON","Choice of Milk","Oat Milk @50",4.00,4.00,50.000,200.00,0.00,200.00,10.00,210.00,0,
"MSFT Hyd","2025-07-18","POS","TAKEAWAY","136","BEVERAGES","Hot Beverages","Island Special-Hot","Spanish Bombon (Small)",1.00,1.00,220.000,220.00,0.00,220.00,11.00,231.00,0,
"MSFT Hyd","2025-07-18","POS","TAKEAWAY","190","FOOD","Desserts","Desserts","Pecan & Date Tea Cake",3.00,3.00,200.000,600.00,0.00,600.00,30.00,630.00,0,
"MSFT Hyd","2025-07-18","POS","TAKEAWAY","53","BEVERAGES","Cold Beverages","Milk Shake","Double Chocolate Indulgent Milkshake-Lrg",2.00,2.00,210.000,420.00,0.00,420.00,21.00,441.00,0,
"MSFT Hyd","2025-07-18","POS","TAKEAWAY","134","BEVERAGES","Hot Beverages","Island Special-Hot","Mocha Espressione Hot-Med",3.00,3.00,210.000,630.00,0.00,630.00,31.50,661.50,0,
"MSFT Hyd","2025-07-18","POS","TAKEAWAY","336","BEVERAGES","ADDON","Choice of Milk","Regular - Milk -130g Default",18.00,18.00,0.000,0.00,0.00,0.00,0.00,0.00,0,
"MSFT Hyd","2025-07-18","POS","TAKEAWAY","49","BEVERAGES","Cold Beverages","Island Special-Cold","Freddo Cappuccino-Med",1.00,1.00,170.000,170.00,0.00,170.00,8.50,178.50,0,
"MSFT Hyd","2025-07-18","POS","TAKEAWAY","125","BEVERAGES","Hot Beverages","Hot Chocolate","Hazelnut Indulgent Hot Chocolate-Med",11.00,11.00,190.000,2090.00,0.00,2090.00,104.50,2194.50,0,
"MSFT Hyd","2025-07-18","POS","TAKEAWAY","124","BEVERAGES","Hot Beverages","Hot Chocolate","Hazelnut Indulgent Hot Chocolate-Reg",3.00,3.00,170.000,510.00,0.00,510.00,25.50,535.50,0,
"MSFT Hyd","2025-07-18","POS","TAKEAWAY","96","BEVERAGES","Hot Beverages","Hot Brews","Hot Latte Signature-Med",6.00,6.00,180.000,1080.00,0.00,1080.00,54.00,1134.00,0,
"MSFT Hyd","2025-07-18","POS","TAKEAWAY","174","FOOD","Main Course","Hand Made Sandwiches","Garlic Mushroom & Caramelized Onion Melt",1.00,1.00,253.340,253.34,0.00,253.34,12.67,266.01,0,
"MSFT Hyd","2025-07-18","POS","TAKEAWAY","240","BEVERAGES","Cold Beverages","Choice of Extra Shot - 50","Extra Shot - Volcano Blend",1.00,1.00,50.000,50.00,0.00,50.00,2.50,52.50,0,
"MSFT Hyd","2025-07-18","POS","TAKEAWAY","210","FOOD","Quick Bites","Croissant Cookie & Muffin","Parker House Cream Pie Croissant",2.00,2.00,147.340,294.68,0.00,294.68,14.74,309.42,0,
"MSFT Hyd","2025-07-18","POS","TAKEAWAY","14","BEVERAGES","Cold Beverages","Cold Brews","Iced Americano-Lrg",4.00,4.00,180.000,720.00,0.00,720.00,36.00,756.00,0,
"MSFT Hyd","2025-07-18","POS","TAKEAWAY","205","FOOD","Desserts","Gelato","French Vanilla Single Scoop",5.00,5.00,99.000,495.00,0.00,495.00,24.75,519.75,0,
"MSFT Hyd","2025-07-18","POS","TAKEAWAY","337","BEVERAGES","ADDON","Choice of Milk","Regular - Milk -140g Default",7.00,7.00,0.000,0.00,0.00,0.00,0.00,0.00,0,
"MSFT Hyd","2025-07-18","POS","TAKEAWAY","188","FOOD","Desserts","Desserts","Cinnamon & Jaggery Tea Cake",2.00,2.00,147.340,294.68,0.00,294.68,14.74,309.42,0,
"MSFT Hyd","2025-07-18","POS","TAKEAWAY","344","BEVERAGES","ADDON","Choice of Milk","Regular - Milk -220g Default",42.00,42.00,0.000,0.00,0.00,0.00,0.00,0.00,0,
"MSFT Hyd","2025-07-18","POS","TAKEAWAY","118","BEVERAGES","Hot Beverages","Hot Chocolate","Classic Strawberry Hot Chocolate-Med",1.00,1.00,190.000,190.00,0.00,190.00,9.50,199.50,0,
"MSFT Hyd","2025-07-18","POS","TAKEAWAY","11","BEVERAGES","Cold Beverages","Cold Brews","Islander Cold Coffee-Med",6.00,6.00,180.000,1080.00,0.00,1080.00,54.00,1134.00,0,
"MSFT Hyd","2025-07-18","POS","TAKEAWAY","213","FOOD","Quick Bites","Croissant Cookie & Muffin","Sea Salt Caramel Brookie",2.00,2.00,147.340,294.68,0.00,294.68,14.74,309.42,0,
"MSFT Hyd","2025-07-18","POS","TAKEAWAY","146","BEVERAGES","ADDON","Choice of Beans","Ethiopia Single Estate 20g@Default",5.00,5.00,0.000,0.00,0.00,0.00,0.00,0.00,0,
"MSFT Hyd","2025-07-18","POS","TAKEAWAY","100","BEVERAGES","Hot Beverages","Hot Brews","Americano-Med",4.00,4.00,160.000,640.00,0.00,640.00,32.00,672.00,0,
"MSFT Hyd","2025-07-21","POS","DINE IN","354","NA","Cold Beverages","Food Sampling for Microsoft/Compass","Master Blend",1.00,1.00,0.000,0.00,0.00,0.00,0.00,0.00,0,
"MSFT Hyd","2025-07-21","POS","DINE IN","353","EMP MEAL","Emp Meal","Emp Meal","Emp Meal",8.00,8.00,0.000,0.00,0.00,0.00,0.00,0.00,0,
"MSFT Hyd","2025-07-21","POS","DINE IN","355","NA","Cold Beverages","Food Sampling for Microsoft/Compass","Volcano Blend@54g",1.00,1.00,0.000,0.00,0.00,0.00,0.00,0.00,0,
"MSFT Hyd","2025-07-21","POS","DINE IN","356","NA","Cold Beverages","Food Sampling for Microsoft/Compass","Regular Milk @160ML",1.00,1.00,0.000,0.00,0.00,0.00,0.00,0.00,0,
"MSFT Hyd","2025-07-21","POS","TAKEAWAY","122","BEVERAGES","Hot Beverages","Hot Chocolate","Guilt-Free Hot Chocolate-Reg",1.00,1.00,170.000,170.00,0.00,170.00,8.50,178.50,0,
"MSFT Hyd","2025-07-21","POS","TAKEAWAY","332","BEVERAGES","ADDON","Choice of Milk","Regular - Milk -90g Default",5.00,5.00,0.000,0.00,0.00,0.00,0.00,0.00,0,
"MSFT Hyd","2025-07-21","POS","TAKEAWAY","8","BEVERAGES","Cold Beverages","Cold Brews","Gelato Affagato",2.00,2.00,210.000,420.00,0.00,420.00,21.00,441.00,0,
"MSFT Hyd","2025-07-21","POS","TAKEAWAY","173","FOOD","Main Course","Hand Made Sandwiches","Mushroom & Scrambled Egg White Broccomole Bagel",2.00,2.00,253.340,506.68,0.00,506.68,25.34,532.02,0,
"MSFT Hyd","2025-07-21","POS","TAKEAWAY","32","BEVERAGES","Cold Beverages","Iced Chocolate","Guilt-Free Iced Chocolate-Lrg",1.00,1.00,190.000,190.00,0.00,190.00,9.50,199.50,0,
"MSFT Hyd","2025-07-21","POS","TAKEAWAY","219","FOOD","Quick Bites","Puff & Toastie","Peri Peri Cheese Toastie",1.00,1.00,200.000,200.00,0.00,200.00,10.00,210.00,0,
"MSFT Hyd","2025-07-21","POS","TAKEAWAY","49","BEVERAGES","Cold Beverages","Island Special-Cold","Freddo Cappuccino-Med",2.00,2.00,170.000,340.00,0.00,340.00,17.00,357.00,0,
"MSFT Hyd","2025-07-21","POS","TAKEAWAY","211","FOOD","Quick Bites","Croissant Cookie & Muffin","Double Choco Chunk Cookie",3.00,3.00,104.460,313.38,0.00,313.38,15.66,329.04,0,
"MSFT Hyd","2025-07-21","POS","TAKEAWAY","342","BEVERAGES","ADDON","Choice of Milk","Regular - Milk -200g Default",8.00,8.00,0.000,0.00,0.00,0.00,0.00,0.00,0,
"MSFT Hyd","2025-07-21","POS","TAKEAWAY","339","BEVERAGES","ADDON","Choice of Milk","Regular - Milk -160g Default",9.00,9.00,0.000,0.00,0.00,0.00,0.00,0.00,0,
"MSFT Hyd","2025-07-21","POS","TAKEAWAY","99","BEVERAGES","Hot Beverages","Hot Brews","Americano-reg",5.00,5.00,140.000,700.00,0.00,700.00,35.00,735.00,0,
"MSFT Hyd","2025-07-21","POS","TAKEAWAY","140","BEVERAGES","ADDON","Choice of Beans","Ethiopia Blend @25",2.00,2.00,25.000,50.00,0.00,50.00,2.50,52.50,0,
"MSFT Hyd","2025-07-21","POS","TAKEAWAY","217","FOOD","Quick Bites","Puff & Toastie","Korean Garlic Mushroom Puff",1.00,1.00,104.460,104.46,0.00,104.46,5.22,109.68,0,
"MSFT Hyd","2025-07-21","POS","TAKEAWAY","3","BEVERAGES","Cold Beverages","Cold Brews","Iced Latte Signature-Lrg",8.00,8.00,150.000,1200.00,0.00,1200.00,60.00,1260.00,0,
"MSFT Hyd","2025-07-21","POS","TAKEAWAY","213","FOOD","Quick Bites","Croissant Cookie & Muffin","Sea Salt Caramel Brookie",4.00,4.00,147.340,589.36,0.00,589.36,29.48,618.84,0,
"MSFT Hyd","2025-07-21","POS","TAKEAWAY","177","FOOD","Main Course","Pizza","Chipotle Chicken Mozzarella Pide",1.00,1.00,253.000,253.00,0.00,253.00,12.65,265.65,0,
"MSFT Hyd","2025-07-21","POS","TAKEAWAY","14","BEVERAGES","Cold Beverages","Cold Brews","Iced Americano-Lrg",1.00,1.00,180.000,180.00,0.00,180.00,9.00,189.00,0,
"MSFT Hyd","2025-07-21","POS","TAKEAWAY","115","BEVERAGES","Hot Beverages","Hot Chocolate","Signature Belgian Dark Hot Chocolate-reg",2.00,2.00,170.000,340.00,0.00,340.00,17.00,357.00,0,
"MSFT Hyd","2025-07-21","POS","TAKEAWAY","30","BEVERAGES","Cold Beverages","Iced Chocolate","Classic Iced Chocolate-Med",1.00,1.00,170.000,170.00,0.00,170.00,8.50,178.50,0,
"MSFT Hyd","2025-07-21","POS","TAKEAWAY","167","BEVERAGES","ADDON","Choice of Syrup","Salted Caramel Syrup @50",1.00,1.00,25.000,25.00,0.00,25.00,1.25,26.25,0,
"MSFT Hyd","2025-07-21","POS","TAKEAWAY","4","BEVERAGES","Cold Beverages","Cold Brews","Fizzy Espressione (Tonic Water)",1.00,1.00,220.000,220.00,0.00,220.00,11.00,231.00,0,
"MSFT Hyd","2025-07-21","POS","TAKEAWAY","210","FOOD","Quick Bites","Croissant Cookie & Muffin","Parker House Cream Pie Croissant",1.00,1.00,147.340,147.34,0.00,147.34,7.37,154.71,0,
"MSFT Hyd","2025-07-21","POS","TAKEAWAY","188","FOOD","Desserts","Desserts","Cinnamon & Jaggery Tea Cake",6.00,6.00,147.340,884.04,0.00,884.04,44.22,928.26,0,
"MSFT Hyd","2025-07-21","POS","TAKEAWAY","92","BEVERAGES","Hot Beverages","Hot Brews","Espresso (Single)",1.00,1.00,130.000,130.00,0.00,130.00,6.50,136.50,0,
"MSFT Hyd","2025-07-21","POS","TAKEAWAY","142","BEVERAGES","ADDON","Choice of Beans","Ethiopia Single Estate @50",1.00,1.00,50.000,50.00,0.00,50.00,2.50,52.50,0,
"MSFT Hyd","2025-07-21","POS","TAKEAWAY","341","BEVERAGES","ADDON","Choice of Milk","Regular - Milk -180g Default",1.00,1.00,0.000,0.00,0.00,0.00,0.00,0.00,0,
"MSFT Hyd","2025-07-21","POS","TAKEAWAY","234","BEVERAGES","ADDON","Choice of Beans","Master Blend - (Default)",10.00,10.00,0.000,0.00,0.00,0.00,0.00,0.00,0,
"MSFT Hyd","2025-07-21","POS","TAKEAWAY","97","BEVERAGES","Hot Beverages","Hot Brews","Hot Latte Signature-reg",6.00,6.00,160.000,960.00,0.00,960.00,48.00,1008.00,0,
"MSFT Hyd","2025-07-21","POS","TAKEAWAY","48","BEVERAGES","Cold Beverages","Island Special-Cold","Freddo Cappuccino-Lrg",1.00,1.00,190.000,190.00,0.00,190.00,9.50,199.50,0,
"MSFT Hyd","2025-07-21","POS","TAKEAWAY","338","BEVERAGES","ADDON","Choice of Milk","Regular - Milk -150g Default",5.00,5.00,0.000,0.00,0.00,0.00,0.00,0.00,0,
"MSFT Hyd","2025-07-21","POS","TAKEAWAY","335","BEVERAGES","ADDON","Choice of Milk","Regular - Milk -120g Default",1.00,1.00,0.000,0.00,0.00,0.00,0.00,0.00,0,
"MSFT Hyd","2025-07-21","POS","TAKEAWAY","186","FOOD","Desserts","Desserts","Belgian Chocolate Fudge Brownie",11.00,11.00,104.460,1149.06,0.00,1149.06,57.42,1206.48,0,
"MSFT Hyd","2025-07-21","POS","TAKEAWAY","191","FOOD","Desserts","Desserts","Berry & Honey Yogurt Jar",1.00,1.00,253.340,253.34,0.00,253.34,12.67,266.01,0,
"MSFT Hyd","2025-07-21","POS","TAKEAWAY","121","BEVERAGES","Hot Beverages","Hot Chocolate","Guilt-Free Hot Chocolate-Med",2.00,2.00,190.000,380.00,0.00,380.00,19.00,399.00,0,
"MSFT Hyd","2025-07-21","POS","TAKEAWAY","56","BEVERAGES","Cold Beverages","Milk Shake","Berry Burst Paradise Milkshake-Med",1.00,1.00,190.000,190.00,0.00,190.00,9.50,199.50,0,
"MSFT Hyd","2025-07-21","POS","TAKEAWAY","189","FOOD","Desserts","Desserts","New York Cheesecake",2.00,2.00,253.340,506.68,0.00,506.68,25.34,532.02,0,
"MSFT Hyd","2025-07-21","POS","TAKEAWAY","218","FOOD","Quick Bites","Puff & Toastie","Herb Infused Roasted Chicken Toastie",1.00,1.00,200.000,200.00,0.00,200.00,10.00,210.00,0,
"MSFT Hyd","2025-07-21","POS","TAKEAWAY","116","BEVERAGES","Hot Beverages","Hot Chocolate","Signature Belgian Dark Hot Chocolate-Med",9.00,9.00,190.000,1710.00,0.00,1710.00,85.50,1795.50,0,
"MSFT Hyd","2025-07-21","POS","TAKEAWAY","344","BEVERAGES","ADDON","Choice of Milk","Regular - Milk -220g Default",20.00,20.00,0.000,0.00,0.00,0.00,0.00,0.00,0,
"MSFT Hyd","2025-07-21","POS","TAKEAWAY","209","FOOD","Desserts","Gelato","Dark Chocolate SSC Single Scoop",4.00,4.00,99.000,396.00,0.00,396.00,19.80,415.80,0,
"MSFT Hyd","2025-07-21","POS","TAKEAWAY","151","BEVERAGES","ADDON","Choice of Milk","Oat Milk @50",1.00,1.00,50.000,50.00,0.00,50.00,2.50,52.50,0,
"MSFT Hyd","2025-07-21","POS","TAKEAWAY","135","BEVERAGES","Hot Beverages","Island Special-Hot","Mocha Espressione Hot-reg",7.00,7.00,190.000,1330.00,0.00,1330.00,66.50,1396.50,0,
"MSFT Hyd","2025-07-21","POS","TAKEAWAY","64","BEVERAGES","Cold Beverages","Proffees (Protein + Coffee)","Espresso Proffee (Protein + Coffee)",1.00,1.00,220.000,220.00,0.00,220.00,11.00,231.00,0,
"MSFT Hyd","2025-07-21","POS","TAKEAWAY","50","BEVERAGES","Cold Beverages","Island Special-Cold","Iced Vietneamese Shakerato",3.00,3.00,220.000,660.00,0.00,660.00,33.00,693.00,0,
"MSFT Hyd","2025-07-21","POS","TAKEAWAY","150","BEVERAGES","ADDON","Choice of Milk","Almond Milk @50",2.00,2.00,50.000,100.00,0.00,100.00,5.00,105.00,0,
"MSFT Hyd","2025-07-21","POS","TAKEAWAY","124","BEVERAGES","Hot Beverages","Hot Chocolate","Hazelnut Indulgent Hot Chocolate-Reg",2.00,2.00,170.000,340.00,0.00,340.00,17.00,357.00,0,
"MSFT Hyd","2025-07-21","POS","TAKEAWAY","340","BEVERAGES","ADDON","Choice of Milk","Regular - Milk -170g Default",13.00,13.00,0.000,0.00,0.00,0.00,0.00,0.00,0,
"MSFT Hyd","2025-07-21","POS","TAKEAWAY","2","BEVERAGES","Cold Beverages","Cold Brews","Iced Latte Signature-Med",4.00,4.00,130.000,520.00,0.00,520.00,26.00,546.00,0,
"MSFT Hyd","2025-07-21","POS","TAKEAWAY","106","BEVERAGES","Hot Beverages","Hot Brews","Cappuccino-reg",14.00,14.00,160.000,2240.00,0.00,2240.00,112.00,2352.00,0,
"MSFT Hyd","2025-07-21","POS","TAKEAWAY","100","BEVERAGES","Hot Beverages","Hot Brews","Americano-Med",2.00,2.00,160.000,320.00,0.00,320.00,16.00,336.00,0,
"MSFT Hyd","2025-07-21","POS","TAKEAWAY","60","BEVERAGES","Cold Beverages","Overnight Brew","Overnite Espresso Gingerale Brew",1.00,1.00,220.000,220.00,0.00,220.00,11.00,231.00,0,
"MSFT Hyd","2025-07-21","POS","TAKEAWAY","237","BEVERAGES","ADDON","Choice of Crema","Salted Caramel Crema - 0  (Default)",6.00,6.00,0.000,0.00,0.00,0.00,0.00,0.00,0,
"MSFT Hyd","2025-07-21","POS","TAKEAWAY","35","BEVERAGES","Cold Beverages","Iced Chocolate","Classic Strawberry Iced Chocolate-Lrg",1.00,1.00,190.000,190.00,0.00,190.00,9.50,199.50,0,
"MSFT Hyd","2025-07-21","POS","TAKEAWAY","166","BEVERAGES","ADDON","Choice of Syrup","Hazelnut Syrup @50",3.00,3.00,25.000,75.00,0.00,75.00,3.75,78.75,0,
"MSFT Hyd","2025-07-21","POS","TAKEAWAY","7","BEVERAGES","Cold Beverages","Cold Brews","Bobastic Coffeeccino-Lrg",1.00,1.00,210.000,210.00,0.00,210.00,10.50,220.50,0,
"MSFT Hyd","2025-07-21","POS","TAKEAWAY","184","FOOD","Main Course","Wholesome Wrap","Smoked Cottage Cheese Wrap",2.00,2.00,253.340,506.68,0.00,506.68,25.34,532.02,0,
"MSFT Hyd","2025-07-21","POS","TAKEAWAY","38","BEVERAGES","Cold Beverages","Iced Chocolate","Dreamy Hazelnut Iced Chocolate-Lrg",2.00,2.00,190.000,380.00,0.00,380.00,19.00,399.00,0,
"MSFT Hyd","2025-07-21","POS","TAKEAWAY","196","FOOD","Desserts","Gelato","Belgian Chocolate Singal Scoop",3.00,3.00,99.000,297.00,0.00,297.00,14.85,311.85,0,
"MSFT Hyd","2025-07-21","POS","TAKEAWAY","130","BEVERAGES","Hot Beverages","Hot Tea","Indian Masala Tea",1.00,1.00,170.000,170.00,0.00,170.00,8.50,178.50,0,
"MSFT Hyd","2025-07-21","POS","TAKEAWAY","11","BEVERAGES","Cold Beverages","Cold Brews","Islander Cold Coffee-Med",4.00,4.00,180.000,720.00,0.00,720.00,36.00,756.00,0,
"MSFT Hyd","2025-07-21","POS","TAKEAWAY","185","FOOD","Desserts","Desserts","Cold Brew Tiramisu",1.00,1.00,253.340,253.34,0.00,253.34,12.67,266.01,0,
"MSFT Hyd","2025-07-21","POS","TAKEAWAY","216","FOOD","Quick Bites","Croissant Cookie & Muffin","White Chocolate & Pistachio Flat Croissant",2.00,2.00,147.340,294.68,0.00,294.68,14.74,309.42,0,
"MSFT Hyd","2025-07-21","POS","TAKEAWAY","235","BEVERAGES","ADDON","Choice of Beans","Volcano Blend - (Default)",81.00,81.00,0.000,0.00,0.00,0.00,0.00,0.00,0,
"MSFT Hyd","2025-07-21","POS","TAKEAWAY","212","FOOD","Quick Bites","Croissant Cookie & Muffin","French Butter Croissant",2.00,2.00,104.460,208.92,0.00,208.92,10.44,219.36,0,
"MSFT Hyd","2025-07-21","POS","TAKEAWAY","125","BEVERAGES","Hot Beverages","Hot Chocolate","Hazelnut Indulgent Hot Chocolate-Med",6.00,6.00,190.000,1140.00,0.00,1140.00,57.00,1197.00,0,
"MSFT Hyd","2025-07-21","POS","TAKEAWAY","67","BEVERAGES","Cold Beverages","Refresh","Bobastic Raw Mango Refresh Tea-Med",1.00,1.00,190.000,190.00,0.00,190.00,9.50,199.50,0,
"MSFT Hyd","2025-07-21","POS","TAKEAWAY","165","BEVERAGES","ADDON","Choice of Syrup","Irish Syrup @50",1.00,1.00,25.000,25.00,0.00,25.00,1.25,26.25,0,
"MSFT Hyd","2025-07-21","POS","TAKEAWAY","170","FOOD","Main Course","Hand Made Sandwiches","Roasted Tomato & Bocconcini Croissant",1.00,1.00,253.340,253.34,0.00,253.34,12.67,266.01,0,
"MSFT Hyd","2025-07-21","POS","TAKEAWAY","61","BEVERAGES","Cold Beverages","Overnight Brew","Overnite Espresso Vietnamese Brew",1.00,1.00,220.000,220.00,0.00,220.00,11.00,231.00,0,
"MSFT Hyd","2025-07-21","POS","TAKEAWAY","96","BEVERAGES","Hot Beverages","Hot Brews","Hot Latte Signature-Med",1.00,1.00,180.000,180.00,0.00,180.00,9.00,189.00,0,
"MSFT Hyd","2025-07-21","POS","TAKEAWAY","6","BEVERAGES","Cold Beverages","Cold Brews","Bobastic Coffeeccino-Med",5.00,5.00,190.000,950.00,0.00,950.00,47.50,997.50,0,
"MSFT Hyd","2025-07-21","POS","TAKEAWAY","205","FOOD","Desserts","Gelato","French Vanilla Single Scoop",1.00,1.00,99.000,99.00,0.00,99.00,4.95,103.95,0,
"MSFT Hyd","2025-07-21","POS","TAKEAWAY","10","BEVERAGES","Cold Beverages","Cold Brews","Islander Cold Coffee-Lrg",23.00,23.00,190.000,4370.00,0.00,4370.00,218.50,4588.50,0,
"MSFT Hyd","2025-07-21","POS","TAKEAWAY","63","BEVERAGES","Cold Beverages","Proffees (Protein + Coffee)","Cookie & Cream Proffee (Protein + Coffee)",4.00,4.00,220.000,880.00,0.00,880.00,44.00,924.00,0,
"MSFT Hyd","2025-07-21","POS","TAKEAWAY","336","BEVERAGES","ADDON","Choice of Milk","Regular - Milk -130g Default",14.00,14.00,0.000,0.00,0.00,0.00,0.00,0.00,0,
"MSFT Hyd","2025-07-21","POS","TAKEAWAY","337","BEVERAGES","ADDON","Choice of Milk","Regular - Milk -140g Default",7.00,7.00,0.000,0.00,0.00,0.00,0.00,0.00,0,
"MSFT Hyd","2025-07-21","POS","TAKEAWAY","52","BEVERAGES","Cold Beverages","Milk Shake","Double Chocolate Indulgent Milkshake-Med",3.00,3.00,190.000,570.00,0.00,570.00,28.50,598.50,0,
"MSFT Hyd","2025-07-21","POS","TAKEAWAY","105","BEVERAGES","Hot Beverages","Hot Brews","Cappuccino-Med",9.00,9.00,180.000,1620.00,0.00,1620.00,81.00,1701.00,0,
"MSFT Hyd","2025-07-22","POS","DINE IN","355","NA","Cold Beverages","Food Sampling for Microsoft/Compass","Volcano Blend@54g",1.00,1.00,0.000,0.00,0.00,0.00,0.00,0.00,0,
"MSFT Hyd","2025-07-22","POS","DINE IN","354","NA","Cold Beverages","Food Sampling for Microsoft/Compass","Master Blend",1.00,1.00,0.000,0.00,0.00,0.00,0.00,0.00,0,
"MSFT Hyd","2025-07-22","POS","DINE IN","353","EMP MEAL","Emp Meal","Emp Meal","Emp Meal",3.00,3.00,0.000,0.00,0.00,0.00,0.00,0.00,0,
"MSFT Hyd","2025-07-22","POS","DINE IN","356","NA","Cold Beverages","Food Sampling for Microsoft/Compass","Regular Milk @160ML",1.00,1.00,0.000,0.00,0.00,0.00,0.00,0.00,0,
"MSFT Hyd","2025-07-22","POS","TAKEAWAY","50","BEVERAGES","Cold Beverages","Island Special-Cold","Iced Vietneamese Shakerato",6.00,6.00,209.520,1257.12,0.00,1257.12,62.88,1320.00,0,
"MSFT Hyd","2025-07-22","POS","TAKEAWAY","90","BEVERAGES","Hot Beverages","Hot Brews","Cortardo (Small)",1.00,1.00,152.380,152.38,0.00,152.38,7.62,160.00,0,
"MSFT Hyd","2025-07-22","POS","TAKEAWAY","234","BEVERAGES","ADDON","Choice of Beans","Master Blend - (Default)",6.00,6.00,0.000,0.00,0.00,0.00,0.00,0.00,0,
"MSFT Hyd","2025-07-22","POS","TAKEAWAY","211","FOOD","Quick Bites","Croissant Cookie & Muffin","Double Choco Chunk Cookie",5.00,5.00,99.480,497.40,0.00,497.40,24.85,522.25,0,
"MSFT Hyd","2025-07-22","POS","TAKEAWAY","210","FOOD","Quick Bites","Croissant Cookie & Muffin","Parker House Cream Pie Croissant",2.00,2.00,140.330,280.66,0.00,280.66,14.04,294.70,0,
"MSFT Hyd","2025-07-22","POS","TAKEAWAY","116","BEVERAGES","Hot Beverages","Hot Chocolate","Signature Belgian Dark Hot Chocolate-Med",5.00,5.00,180.950,904.75,0.00,904.75,45.25,950.00,0,
"MSFT Hyd","2025-07-22","POS","TAKEAWAY","92","BEVERAGES","Hot Beverages","Hot Brews","Espresso (Single)",2.00,2.00,123.810,247.62,0.00,247.62,12.38,260.00,0,
"MSFT Hyd","2025-07-22","POS","TAKEAWAY","134","BEVERAGES","Hot Beverages","Island Special-Hot","Mocha Espressione Hot-Med",1.00,1.00,200.000,200.00,0.00,200.00,10.00,210.00,0,
"MSFT Hyd","2025-07-22","POS","TAKEAWAY","122","BEVERAGES","Hot Beverages","Hot Chocolate","Guilt-Free Hot Chocolate-Reg",1.00,1.00,161.900,161.90,0.00,161.90,8.10,170.00,0,
"MSFT Hyd","2025-07-22","POS","TAKEAWAY","209","FOOD","Desserts","Gelato","Dark Chocolate SSC Single Scoop",4.00,4.00,94.290,377.16,0.00,377.16,18.84,396.00,0,
"MSFT Hyd","2025-07-22","POS","TAKEAWAY","178","FOOD","Main Course","Pizza","Roasted Tomato Basil Bocconcini Pide",1.00,1.00,240.950,240.95,0.00,240.95,12.05,253.00,0,
"MSFT Hyd","2025-07-22","POS","TAKEAWAY","7","BEVERAGES","Cold Beverages","Cold Brews","Bobastic Coffeeccino-Lrg",2.00,2.00,200.000,400.00,0.00,400.00,20.00,420.00,0,
"MSFT Hyd","2025-07-22","POS","TAKEAWAY","184","FOOD","Main Course","Wholesome Wrap","Smoked Cottage Cheese Wrap",1.00,1.00,241.280,241.28,0.00,241.28,12.06,253.34,0,
"MSFT Hyd","2025-07-22","POS","TAKEAWAY","215","FOOD","Quick Bites","Croissant Cookie & Muffin","Rocky Road & Pecan Muffin",2.00,2.00,190.480,380.96,0.00,380.96,19.04,400.00,0,
"MSFT Hyd","2025-07-22","POS","TAKEAWAY","96","BEVERAGES","Hot Beverages","Hot Brews","Hot Latte Signature-Med",5.00,5.00,171.430,857.15,0.00,857.15,42.85,900.00,0,
"MSFT Hyd","2025-07-22","POS","TAKEAWAY","341","BEVERAGES","ADDON","Choice of Milk","Regular - Milk -180g Default",3.00,3.00,0.000,0.00,0.00,0.00,0.00,0.00,0,
"MSFT Hyd","2025-07-22","POS","TAKEAWAY","36","BEVERAGES","Cold Beverages","Iced Chocolate","Classic Strawberry Iced Chocolate-Med",1.00,1.00,161.900,161.90,0.00,161.90,8.10,170.00,0,
"MSFT Hyd","2025-07-22","POS","TAKEAWAY","32","BEVERAGES","Cold Beverages","Iced Chocolate","Guilt-Free Iced Chocolate-Lrg",1.00,1.00,180.950,180.95,0.00,180.95,9.05,190.00,0,
"MSFT Hyd","2025-07-22","POS","TAKEAWAY","220","FOOD","Quick Bites","Puff & Toastie","Herb Chicken Open Puff",1.00,1.00,140.330,140.33,0.00,140.33,7.02,147.35,0,
"MSFT Hyd","2025-07-22","POS","TAKEAWAY","29","BEVERAGES","Cold Beverages","Iced Chocolate","Classic Iced Chocolate-Lrg",1.00,1.00,180.950,180.95,0.00,180.95,9.05,190.00,0,
"MSFT Hyd","2025-07-22","POS","TAKEAWAY","146","BEVERAGES","ADDON","Choice of Beans","Ethiopia Single Estate 20g@Default",1.00,1.00,0.000,0.00,0.00,0.00,0.00,0.00,0,
"MSFT Hyd","2025-07-22","POS","TAKEAWAY","67","BEVERAGES","Cold Beverages","Refresh","Bobastic Raw Mango Refresh Tea-Med",2.00,2.00,180.950,361.90,0.00,361.90,18.10,380.00,0,
"MSFT Hyd","2025-07-22","POS","TAKEAWAY","11","BEVERAGES","Cold Beverages","Cold Brews","Islander Cold Coffee-Med",3.00,3.00,171.430,514.29,0.00,514.29,25.71,540.00,0,
"MSFT Hyd","2025-07-22","POS","TAKEAWAY","177","FOOD","Main Course","Pizza","Chipotle Chicken Mozzarella Pide",1.00,1.00,240.950,240.95,0.00,240.95,12.05,253.00,0,
"MSFT Hyd","2025-07-22","POS","TAKEAWAY","99","BEVERAGES","Hot Beverages","Hot Brews","Americano-reg",3.00,3.00,133.330,399.99,0.00,399.99,20.01,420.00,0,
"MSFT Hyd","2025-07-22","POS","TAKEAWAY","166","BEVERAGES","ADDON","Choice of Syrup","Hazelnut Syrup @50",6.00,6.00,25.000,150.00,0.00,150.00,7.50,157.50,0,
"MSFT Hyd","2025-07-22","POS","TAKEAWAY","141","BEVERAGES","ADDON","Choice of Beans","Kenya Single Estate @50",1.00,1.00,50.000,50.00,0.00,50.00,2.50,52.50,0,
"MSFT Hyd","2025-07-22","POS","TAKEAWAY","216","FOOD","Quick Bites","Croissant Cookie & Muffin","White Chocolate & Pistachio Flat Croissant",4.00,4.00,140.328,561.31,0.00,561.31,28.07,589.38,0,
"MSFT Hyd","2025-07-22","POS","TAKEAWAY","186","FOOD","Desserts","Desserts","Belgian Chocolate Fudge Brownie",10.00,10.00,99.482,994.82,0.00,994.82,49.72,1044.54,0,
"MSFT Hyd","2025-07-22","POS","TAKEAWAY","97","BEVERAGES","Hot Beverages","Hot Brews","Hot Latte Signature-reg",4.00,4.00,152.380,609.52,0.00,609.52,30.48,640.00,0,
"MSFT Hyd","2025-07-22","POS","TAKEAWAY","45","BEVERAGES","Cold Beverages","Island Special-Cold","Mocha Espressione Cold-Med",4.00,4.00,180.950,723.80,0.00,723.80,36.20,760.00,0,
"MSFT Hyd","2025-07-22","POS","TAKEAWAY","332","BEVERAGES","ADDON","Choice of Milk","Regular - Milk -90g Default",7.00,7.00,0.000,0.00,0.00,0.00,0.00,0.00,0,
"MSFT Hyd","2025-07-22","POS","TAKEAWAY","6","BEVERAGES","Cold Beverages","Cold Brews","Bobastic Coffeeccino-Med",7.00,7.00,180.950,1266.65,0.00,1266.65,63.35,1330.00,0,
"MSFT Hyd","2025-07-22","POS","TAKEAWAY","10","BEVERAGES","Cold Beverages","Cold Brews","Islander Cold Coffee-Lrg",16.00,16.00,180.950,2895.20,0.00,2895.20,144.80,3040.00,0,
"MSFT Hyd","2025-07-22","POS","TAKEAWAY","86","BEVERAGES","Hot Beverages","Alternative Brews","Island Pour Over",1.00,1.00,200.000,200.00,0.00,200.00,10.00,210.00,0,
"MSFT Hyd","2025-07-22","POS","TAKEAWAY","235","BEVERAGES","ADDON","Choice of Beans","Volcano Blend - (Default)",85.00,85.00,0.000,0.00,0.00,0.00,0.00,0.00,0,
"MSFT Hyd","2025-07-22","POS","TAKEAWAY","48","BEVERAGES","Cold Beverages","Island Special-Cold","Freddo Cappuccino-Lrg",1.00,1.00,180.950,180.95,0.00,180.95,9.05,190.00,0,
"MSFT Hyd","2025-07-22","POS","TAKEAWAY","115","BEVERAGES","Hot Beverages","Hot Chocolate","Signature Belgian Dark Hot Chocolate-reg",4.00,4.00,161.900,647.60,0.00,647.60,32.40,680.00,0,
"MSFT Hyd","2025-07-22","POS","TAKEAWAY","339","BEVERAGES","ADDON","Choice of Milk","Regular - Milk -160g Default",5.00,5.00,0.000,0.00,0.00,0.00,0.00,0.00,0,
"MSFT Hyd","2025-07-22","POS","TAKEAWAY","2","BEVERAGES","Cold Beverages","Cold Brews","Iced Latte Signature-Med",6.00,6.00,123.810,742.86,0.00,742.86,37.14,780.00,0,
"MSFT Hyd","2025-07-22","POS","TAKEAWAY","196","FOOD","Desserts","Gelato","Belgian Chocolate Singal Scoop",5.00,5.00,94.290,471.45,0.00,471.45,23.55,495.00,0,
"MSFT Hyd","2025-07-22","POS","TAKEAWAY","336","BEVERAGES","ADDON","Choice of Milk","Regular - Milk -130g Default",9.00,9.00,0.000,0.00,0.00,0.00,0.00,0.00,0,
"MSFT Hyd","2025-07-22","POS","TAKEAWAY","4","BEVERAGES","Cold Beverages","Cold Brews","Fizzy Espressione (Tonic Water)",1.00,1.00,209.520,209.52,0.00,209.52,10.48,220.00,0,
"MSFT Hyd","2025-07-22","POS","TAKEAWAY","212","FOOD","Quick Bites","Croissant Cookie & Muffin","French Butter Croissant",4.00,4.00,99.480,397.92,0.00,397.92,19.88,417.80,0,
"MSFT Hyd","2025-07-22","POS","TAKEAWAY","200","FOOD","Desserts","Gelato","Mango Sorbet Singal Scoop",1.00,1.00,94.290,94.29,0.00,94.29,4.71,99.00,0,
"MSFT Hyd","2025-07-22","POS","TAKEAWAY","335","BEVERAGES","ADDON","Choice of Milk","Regular - Milk -120g Default",3.00,3.00,0.000,0.00,0.00,0.00,0.00,0.00,0,
"MSFT Hyd","2025-07-22","POS","TAKEAWAY","38","BEVERAGES","Cold Beverages","Iced Chocolate","Dreamy Hazelnut Iced Chocolate-Lrg",2.00,2.00,180.950,361.90,0.00,361.90,18.10,380.00,0,
"MSFT Hyd","2025-07-22","POS","TAKEAWAY","340","BEVERAGES","ADDON","Choice of Milk","Regular - Milk -170g Default",12.00,12.00,0.000,0.00,0.00,0.00,0.00,0.00,0,
"MSFT Hyd","2025-07-22","POS","TAKEAWAY","170","FOOD","Main Course","Hand Made Sandwiches","Roasted Tomato & Bocconcini Croissant",2.00,2.00,241.280,482.56,0.00,482.56,24.12,506.68,0,
"MSFT Hyd","2025-07-22","POS","TAKEAWAY","106","BEVERAGES","Hot Beverages","Hot Brews","Cappuccino-reg",9.00,9.00,152.380,1371.42,0.00,1371.42,68.58,1440.00,0,
"MSFT Hyd","2025-07-22","POS","TAKEAWAY","217","FOOD","Quick Bites","Puff & Toastie","Korean Garlic Mushroom Puff",6.00,6.00,99.480,596.88,0.00,596.88,29.82,626.70,0,
"MSFT Hyd","2025-07-22","POS","TAKEAWAY","219","FOOD","Quick Bites","Puff & Toastie","Peri Peri Cheese Toastie",1.00,1.00,190.480,190.48,0.00,190.48,9.52,200.00,0,
"MSFT Hyd","2025-07-22","POS","TAKEAWAY","338","BEVERAGES","ADDON","Choice of Milk","Regular - Milk -150g Default",4.00,4.00,0.000,0.00,0.00,0.00,0.00,0.00,0,
"MSFT Hyd","2025-07-22","POS","TAKEAWAY","240","BEVERAGES","Cold Beverages","Choice of Extra Shot - 50","Extra Shot - Volcano Blend",2.00,2.00,50.000,100.00,0.00,100.00,5.00,105.00,0,
"MSFT Hyd","2025-07-22","POS","TAKEAWAY","125","BEVERAGES","Hot Beverages","Hot Chocolate","Hazelnut Indulgent Hot Chocolate-Med",5.00,5.00,180.950,904.75,0.00,904.75,45.25,950.00,0,
"MSFT Hyd","2025-07-22","POS","TAKEAWAY","17","BEVERAGES","Cold Beverages","Granita","Slushed Pineapple Mango Sunshine Granita-Med",2.00,2.00,161.900,323.80,0.00,323.80,16.20,340.00,0,
"MSFT Hyd","2025-07-22","POS","TAKEAWAY","167","BEVERAGES","ADDON","Choice of Syrup","Salted Caramel Syrup @50",2.00,2.00,37.500,75.00,0.00,75.00,3.75,78.75,0,
"MSFT Hyd","2025-07-22","POS","TAKEAWAY","64","BEVERAGES","Cold Beverages","Proffees (Protein + Coffee)","Espresso Proffee (Protein + Coffee)",2.00,2.00,209.520,419.04,0.00,419.04,20.96,440.00,0,
"MSFT Hyd","2025-07-22","POS","TAKEAWAY","337","BEVERAGES","ADDON","Choice of Milk","Regular - Milk -140g Default",11.00,11.00,0.000,0.00,0.00,0.00,0.00,0.00,0,
"MSFT Hyd","2025-07-22","POS","TAKEAWAY","61","BEVERAGES","Cold Beverages","Overnight Brew","Overnite Espresso Vietnamese Brew",1.00,1.00,209.520,209.52,0.00,209.52,10.48,220.00,0,
"MSFT Hyd","2025-07-22","POS","TAKEAWAY","344","BEVERAGES","ADDON","Choice of Milk","Regular - Milk -220g Default",15.00,15.00,0.000,0.00,0.00,0.00,0.00,0.00,0,
"MSFT Hyd","2025-07-22","POS","TAKEAWAY","221","FOOD","Quick Bites","Puff & Toastie","Chipotle Paneer Bhurji & Broccomole Toastie",1.00,1.00,241.280,241.28,0.00,241.28,12.06,253.34,0,
"MSFT Hyd","2025-07-22","POS","TAKEAWAY","237","BEVERAGES","ADDON","Choice of Crema","Salted Caramel Crema - 0  (Default)",9.00,9.00,0.000,0.00,0.00,0.00,0.00,0.00,0,
"MSFT Hyd","2025-07-22","POS","TAKEAWAY","150","BEVERAGES","ADDON","Choice of Milk","Almond Milk @50",3.00,3.00,50.000,150.00,0.00,150.00,7.50,157.50,0,
"MSFT Hyd","2025-07-22","POS","TAKEAWAY","213","FOOD","Quick Bites","Croissant Cookie & Muffin","Sea Salt Caramel Brookie",5.00,5.00,140.330,701.65,0.00,701.65,35.10,736.75,0,
"MSFT Hyd","2025-07-22","POS","TAKEAWAY","189","FOOD","Desserts","Desserts","New York Cheesecake",2.00,2.00,241.280,482.56,0.00,482.56,24.12,506.68,0,
"MSFT Hyd","2025-07-22","POS","TAKEAWAY","33","BEVERAGES","Cold Beverages","Iced Chocolate","Guilt-Free Iced Chocolate-Med",2.00,2.00,161.900,323.80,0.00,323.80,16.20,340.00,0,
"MSFT Hyd","2025-07-22","POS","TAKEAWAY","185","FOOD","Desserts","Desserts","Cold Brew Tiramisu",1.00,1.00,241.280,241.28,0.00,241.28,12.06,253.34,0,
"MSFT Hyd","2025-07-22","POS","TAKEAWAY","60","BEVERAGES","Cold Beverages","Overnight Brew","Overnite Espresso Gingerale Brew",2.00,2.00,209.520,419.04,0.00,419.04,20.96,440.00,0,
"MSFT Hyd","2025-07-22","POS","TAKEAWAY","135","BEVERAGES","Hot Beverages","Island Special-Hot","Mocha Espressione Hot-reg",11.00,11.00,180.950,1990.45,0.00,1990.45,99.55,2090.00,0,
"MSFT Hyd","2025-07-22","POS","TAKEAWAY","333","BEVERAGES","ADDON","Choice of Milk","Regular - Milk -100g Default",4.00,4.00,0.000,0.00,0.00,0.00,0.00,0.00,0,
"MSFT Hyd","2025-07-22","POS","TAKEAWAY","190","FOOD","Desserts","Desserts","Pecan & Date Tea Cake",1.00,1.00,190.480,190.48,0.00,190.48,9.52,200.00,0,
"MSFT Hyd","2025-07-22","POS","TAKEAWAY","105","BEVERAGES","Hot Beverages","Hot Brews","Cappuccino-Med",6.00,6.00,171.430,1028.58,0.00,1028.58,51.42,1080.00,0,
"MSFT Hyd","2025-07-22","POS","TAKEAWAY","174","FOOD","Main Course","Hand Made Sandwiches","Garlic Mushroom & Caramelized Onion Melt",1.00,1.00,241.280,241.28,0.00,241.28,12.06,253.34,0,
"MSFT Hyd","2025-07-22","POS","TAKEAWAY","188","FOOD","Desserts","Desserts","Cinnamon & Jaggery Tea Cake",5.00,5.00,140.330,701.65,0.00,701.65,35.10,736.75,0,
"MSFT Hyd","2025-07-22","POS","TAKEAWAY","3","BEVERAGES","Cold Beverages","Cold Brews","Iced Latte Signature-Lrg",13.00,13.00,142.860,1857.18,0.00,1857.18,92.82,1950.00,0,
"MSFT Hyd","2025-07-22","POS","TAKEAWAY","205","FOOD","Desserts","Gelato","French Vanilla Single Scoop",2.00,2.00,94.290,188.58,0.00,188.58,9.42,198.00,0,
"MSFT Hyd","2025-07-22","POS","TAKEAWAY","191","FOOD","Desserts","Desserts","Berry & Honey Yogurt Jar",1.00,1.00,241.280,241.28,0.00,241.28,12.06,253.34,0,
"MSFT Hyd","2025-07-22","POS","TAKEAWAY","342","BEVERAGES","ADDON","Choice of Milk","Regular - Milk -200g Default",17.00,17.00,0.000,0.00,0.00,0.00,0.00,0.00,0,
"MSFT Hyd","2025-07-22","POS","TAKEAWAY","183","FOOD","Main Course","Wholesome Wrap","Sriracha Chicken & Avocado Wrap",1.00,1.00,241.280,241.28,0.00,241.28,12.06,253.34,0,
"MSFT Hyd","2025-07-22","POS","TAKEAWAY","121","BEVERAGES","Hot Beverages","Hot Chocolate","Guilt-Free Hot Chocolate-Med",2.00,2.00,180.950,361.90,0.00,361.90,18.10,380.00,0,
"MSFT Hyd","2025-07-22","POS","TAKEAWAY","63","BEVERAGES","Cold Beverages","Proffees (Protein + Coffee)","Cookie & Cream Proffee (Protein + Coffee)",2.00,2.00,209.520,419.04,0.00,419.04,20.96,440.00,0,
"MSFT Hyd","2025-07-23","POS","DINE IN","356","NA","Cold Beverages","Food Sampling for Microsoft/Compass","Regular Milk @160ML",1.00,1.00,0.000,0.00,0.00,0.00,0.00,0.00,0,
"MSFT Hyd","2025-07-23","POS","DINE IN","355","NA","Cold Beverages","Food Sampling for Microsoft/Compass","Volcano Blend@54g",1.00,1.00,0.000,0.00,0.00,0.00,0.00,0.00,0,
"MSFT Hyd","2025-07-23","POS","DINE IN","353","EMP MEAL","Emp Meal","Emp Meal","Emp Meal",1.00,1.00,0.000,0.00,0.00,0.00,0.00,0.00,0,
"MSFT Hyd","2025-07-23","POS","DINE IN","354","NA","Cold Beverages","Food Sampling for Microsoft/Compass","Master Blend",1.00,1.00,0.000,0.00,0.00,0.00,0.00,0.00,0,
"MSFT Hyd","2025-07-23","POS","TAKEAWAY","138","BEVERAGES","ADDON","Choice of Beans","Master Blend @0",2.00,2.00,0.000,0.00,0.00,0.00,0.00,0.00,0,
"MSFT Hyd","2025-07-23","POS","TAKEAWAY","96","BEVERAGES","Hot Beverages","Hot Brews","Hot Latte Signature-Med",7.00,7.00,171.430,1200.01,0.00,1200.01,59.99,1260.00,0,
"MSFT Hyd","2025-07-23","POS","TAKEAWAY","154","BEVERAGES","ADDON","Choice of Boba","Coffee Popping Boba - 50",1.00,1.00,50.000,50.00,0.00,50.00,2.50,52.50,0,
"MSFT Hyd","2025-07-23","POS","TAKEAWAY","135","BEVERAGES","Hot Beverages","Island Special-Hot","Mocha Espressione Hot-reg",7.00,7.00,180.950,1266.65,0.00,1266.65,63.35,1330.00,0,
"MSFT Hyd","2025-07-23","POS","TAKEAWAY","61","BEVERAGES","Cold Beverages","Overnight Brew","Overnite Espresso Vietnamese Brew",2.00,2.00,209.520,419.04,0.00,419.04,20.96,440.00,0,
"MSFT Hyd","2025-07-23","POS","TAKEAWAY","87","BEVERAGES","Hot Beverages","Alternative Brews","Chemex",1.00,1.00,200.000,200.00,0.00,200.00,10.00,210.00,0,
"MSFT Hyd","2025-07-23","POS","TAKEAWAY","63","BEVERAGES","Cold Beverages","Proffees (Protein + Coffee)","Cookie & Cream Proffee (Protein + Coffee)",1.00,1.00,209.520,209.52,0.00,209.52,10.48,220.00,0,
"MSFT Hyd","2025-07-23","POS","TAKEAWAY","48","BEVERAGES","Cold Beverages","Island Special-Cold","Freddo Cappuccino-Lrg",3.00,3.00,180.950,542.85,0.00,542.85,27.15,570.00,0,
"MSFT Hyd","2025-07-23","POS","TAKEAWAY","235","BEVERAGES","ADDON","Choice of Beans","Volcano Blend - (Default)",102.00,102.00,0.000,0.00,0.00,0.00,0.00,0.00,0,
"MSFT Hyd","2025-07-23","POS","TAKEAWAY","212","FOOD","Quick Bites","Croissant Cookie & Muffin","French Butter Croissant",6.00,6.00,99.480,596.88,0.00,596.88,29.82,626.70,0,
"MSFT Hyd","2025-07-23","POS","TAKEAWAY","344","BEVERAGES","ADDON","Choice of Milk","Regular - Milk -220g Default",28.00,28.00,0.000,0.00,0.00,0.00,0.00,0.00,0,
"MSFT Hyd","2025-07-23","POS","TAKEAWAY","45","BEVERAGES","Cold Beverages","Island Special-Cold","Mocha Espressione Cold-Med",3.00,3.00,180.950,542.85,0.00,542.85,27.15,570.00,0,
"MSFT Hyd","2025-07-23","POS","TAKEAWAY","105","BEVERAGES","Hot Beverages","Hot Brews","Cappuccino-Med",12.00,12.00,171.430,2057.16,0.00,2057.16,102.84,2160.00,0,
"MSFT Hyd","2025-07-23","POS","TAKEAWAY","209","FOOD","Desserts","Gelato","Dark Chocolate SSC Single Scoop",1.00,1.00,94.290,94.29,0.00,94.29,4.71,99.00,0,
"MSFT Hyd","2025-07-23","POS","TAKEAWAY","97","BEVERAGES","Hot Beverages","Hot Brews","Hot Latte Signature-reg",2.00,2.00,152.380,304.76,0.00,304.76,15.24,320.00,0,
"MSFT Hyd","2025-07-23","POS","TAKEAWAY","140","BEVERAGES","ADDON","Choice of Beans","Ethiopia Blend @25",1.00,1.00,25.000,25.00,0.00,25.00,1.25,26.25,0,
"MSFT Hyd","2025-07-23","POS","TAKEAWAY","122","BEVERAGES","Hot Beverages","Hot Chocolate","Guilt-Free Hot Chocolate-Reg",1.00,1.00,161.900,161.90,0.00,161.90,8.10,170.00,0,
"MSFT Hyd","2025-07-23","POS","TAKEAWAY","219","FOOD","Quick Bites","Puff & Toastie","Peri Peri Cheese Toastie",1.00,1.00,190.480,190.48,0.00,190.48,9.52,200.00,0,
"MSFT Hyd","2025-07-23","POS","TAKEAWAY","124","BEVERAGES","Hot Beverages","Hot Chocolate","Hazelnut Indulgent Hot Chocolate-Reg",7.00,7.00,161.900,1133.30,0.00,1133.30,56.70,1190.00,0,
"MSFT Hyd","2025-07-23","POS","TAKEAWAY","8","BEVERAGES","Cold Beverages","Cold Brews","Gelato Affagato",1.00,1.00,200.000,200.00,0.00,200.00,10.00,210.00,0,
"MSFT Hyd","2025-07-23","POS","TAKEAWAY","215","FOOD","Quick Bites","Croissant Cookie & Muffin","Rocky Road & Pecan Muffin",2.00,2.00,190.480,380.96,0.00,380.96,19.04,400.00,0,
"MSFT Hyd","2025-07-23","POS","TAKEAWAY","49","BEVERAGES","Cold Beverages","Island Special-Cold","Freddo Cappuccino-Med",2.00,2.00,161.900,323.80,0.00,323.80,16.20,340.00,0,
"MSFT Hyd","2025-07-23","POS","TAKEAWAY","335","BEVERAGES","ADDON","Choice of Milk","Regular - Milk -120g Default",3.00,3.00,0.000,0.00,0.00,0.00,0.00,0.00,0,
"MSFT Hyd","2025-07-23","POS","TAKEAWAY","81","BEVERAGES","Cold Beverages","Refresh","Iced Apple Green Tea-Med",1.00,1.00,123.810,123.81,0.00,123.81,6.19,130.00,0,
"MSFT Hyd","2025-07-23","POS","TAKEAWAY","99","BEVERAGES","Hot Beverages","Hot Brews","Americano-reg",4.00,4.00,133.330,533.32,0.00,533.32,26.68,560.00,0,
"MSFT Hyd","2025-07-23","POS","TAKEAWAY","186","FOOD","Desserts","Desserts","Belgian Chocolate Fudge Brownie",16.00,16.00,99.481,1591.69,0.00,1591.69,79.53,1671.22,0,
"MSFT Hyd","2025-07-23","POS","TAKEAWAY","115","BEVERAGES","Hot Beverages","Hot Chocolate","Signature Belgian Dark Hot Chocolate-reg",4.00,4.00,161.900,647.60,0.00,647.60,32.40,680.00,0,
"MSFT Hyd","2025-07-23","POS","TAKEAWAY","38","BEVERAGES","Cold Beverages","Iced Chocolate","Dreamy Hazelnut Iced Chocolate-Lrg",4.00,4.00,180.950,723.80,0.00,723.80,36.20,760.00,0,
"MSFT Hyd","2025-07-23","POS","TAKEAWAY","341","BEVERAGES","ADDON","Choice of Milk","Regular - Milk -180g Default",4.00,4.00,0.000,0.00,0.00,0.00,0.00,0.00,0,
"MSFT Hyd","2025-07-23","POS","TAKEAWAY","340","BEVERAGES","ADDON","Choice of Milk","Regular - Milk -170g Default",18.00,18.00,0.000,0.00,0.00,0.00,0.00,0.00,0,
"MSFT Hyd","2025-07-23","POS","TAKEAWAY","88","BEVERAGES","Hot Beverages","Alternative Brews","Aero Press",1.00,1.00,200.000,200.00,0.00,200.00,10.00,210.00,0,
"MSFT Hyd","2025-07-23","POS","TAKEAWAY","338","BEVERAGES","ADDON","Choice of Milk","Regular - Milk -150g Default",2.00,2.00,0.000,0.00,0.00,0.00,0.00,0.00,0,
"MSFT Hyd","2025-07-23","POS","TAKEAWAY","53","BEVERAGES","Cold Beverages","Milk Shake","Double Chocolate Indulgent Milkshake-Lrg",1.00,1.00,200.000,200.00,0.00,200.00,10.00,210.00,0,
"MSFT Hyd","2025-07-23","POS","TAKEAWAY","121","BEVERAGES","Hot Beverages","Hot Chocolate","Guilt-Free Hot Chocolate-Med",4.00,4.00,180.950,723.80,0.00,723.80,36.20,760.00,0,
"MSFT Hyd","2025-07-23","POS","TAKEAWAY","64","BEVERAGES","Cold Beverages","Proffees (Protein + Coffee)","Espresso Proffee (Protein + Coffee)",3.00,3.00,209.520,628.56,0.00,628.56,31.44,660.00,0,
"MSFT Hyd","2025-07-23","POS","TAKEAWAY","216","FOOD","Quick Bites","Croissant Cookie & Muffin","White Chocolate & Pistachio Flat Croissant",3.00,3.00,140.330,420.99,0.00,420.99,21.06,442.05,0,
"MSFT Hyd","2025-07-23","POS","TAKEAWAY","56","BEVERAGES","Cold Beverages","Milk Shake","Berry Burst Paradise Milkshake-Med",1.00,1.00,180.950,180.95,0.00,180.95,9.05,190.00,0,
"MSFT Hyd","2025-07-23","POS","TAKEAWAY","92","BEVERAGES","Hot Beverages","Hot Brews","Espresso (Single)",2.00,2.00,123.810,247.62,0.00,247.62,12.38,260.00,0,
"MSFT Hyd","2025-07-23","POS","TAKEAWAY","189","FOOD","Desserts","Desserts","New York Cheesecake",4.00,4.00,241.280,965.12,0.00,965.12,48.24,1013.36,0,
"MSFT Hyd","2025-07-23","POS","TAKEAWAY","200","FOOD","Desserts","Gelato","Mango Sorbet Singal Scoop",7.00,7.00,94.289,660.02,0.00,660.02,32.98,693.00,0,
"MSFT Hyd","2025-07-23","POS","TAKEAWAY","187","FOOD","Desserts","Desserts","Nolen Gur Banofee Jar",2.00,2.00,241.280,482.56,0.00,482.56,24.12,506.68,0,
"MSFT Hyd","2025-07-23","POS","TAKEAWAY","220","FOOD","Quick Bites","Puff & Toastie","Herb Chicken Open Puff",2.00,2.00,140.330,280.66,0.00,280.66,14.04,294.70,0,
"MSFT Hyd","2025-07-23","POS","TAKEAWAY","15","BEVERAGES","Cold Beverages","Cold Brews","Iced Americano-Med",1.00,1.00,152.380,152.38,0.00,152.38,7.62,160.00,0,
"MSFT Hyd","2025-07-23","POS","TAKEAWAY","52","BEVERAGES","Cold Beverages","Milk Shake","Double Chocolate Indulgent Milkshake-Med",2.00,2.00,180.950,361.90,0.00,361.90,18.10,380.00,0,
"MSFT Hyd","2025-07-23","POS","TAKEAWAY","7","BEVERAGES","Cold Beverages","Cold Brews","Bobastic Coffeeccino-Lrg",1.00,1.00,200.000,200.00,0.00,200.00,10.00,210.00,0,
"MSFT Hyd","2025-07-23","POS","TAKEAWAY","337","BEVERAGES","ADDON","Choice of Milk","Regular - Milk -140g Default",7.00,7.00,0.000,0.00,0.00,0.00,0.00,0.00,0,
"MSFT Hyd","2025-07-23","POS","TAKEAWAY","343","BEVERAGES","ADDON","Choice of Milk","Regular - Milk -210g Default",1.00,1.00,0.000,0.00,0.00,0.00,0.00,0.00,0,
"MSFT Hyd","2025-07-23","POS","TAKEAWAY","150","BEVERAGES","ADDON","Choice of Milk","Almond Milk @50",5.00,5.00,50.000,250.00,0.00,250.00,12.50,262.50,0,
"MSFT Hyd","2025-07-23","POS","TAKEAWAY","234","BEVERAGES","ADDON","Choice of Beans","Master Blend - (Default)",13.00,13.00,0.000,0.00,0.00,0.00,0.00,0.00,0,
"MSFT Hyd","2025-07-23","POS","TAKEAWAY","50","BEVERAGES","Cold Beverages","Island Special-Cold","Iced Vietneamese Shakerato",3.00,3.00,209.520,628.56,0.00,628.56,31.44,660.00,0,
"MSFT Hyd","2025-07-23","POS","TAKEAWAY","100","BEVERAGES","Hot Beverages","Hot Brews","Americano-Med",3.00,3.00,152.380,457.14,0.00,457.14,22.86,480.00,0,
"MSFT Hyd","2025-07-23","POS","TAKEAWAY","166","BEVERAGES","ADDON","Choice of Syrup","Hazelnut Syrup @50",8.00,8.00,25.000,200.00,0.00,200.00,10.00,210.00,0,
"MSFT Hyd","2025-07-23","POS","TAKEAWAY","174","FOOD","Main Course","Hand Made Sandwiches","Garlic Mushroom & Caramelized Onion Melt",1.00,1.00,241.280,241.28,0.00,241.28,12.06,253.34,0,
"MSFT Hyd","2025-07-23","POS","TAKEAWAY","2","BEVERAGES","Cold Beverages","Cold Brews","Iced Latte Signature-Med",8.00,8.00,123.810,990.48,0.00,990.48,49.52,1040.00,0,
"MSFT Hyd","2025-07-23","POS","TAKEAWAY","217","FOOD","Quick Bites","Puff & Toastie","Korean Garlic Mushroom Puff",6.00,6.00,99.482,596.89,0.00,596.89,29.83,626.72,0,
"MSFT Hyd","2025-07-23","POS","TAKEAWAY","90","BEVERAGES","Hot Beverages","Hot Brews","Cortardo (Small)",2.00,2.00,152.380,304.76,0.00,304.76,15.24,320.00,0,
"MSFT Hyd","2025-07-23","POS","TAKEAWAY","167","BEVERAGES","ADDON","Choice of Syrup","Salted Caramel Syrup @50",2.00,2.00,25.000,50.00,0.00,50.00,2.50,52.50,0,
"MSFT Hyd","2025-07-23","POS","TAKEAWAY","67","BEVERAGES","Cold Beverages","Refresh","Bobastic Raw Mango Refresh Tea-Med",1.00,1.00,180.950,180.95,0.00,180.95,9.05,190.00,0,
"MSFT Hyd","2025-07-23","POS","TAKEAWAY","339","BEVERAGES","ADDON","Choice of Milk","Regular - Milk -160g Default",14.00,14.00,0.000,0.00,0.00,0.00,0.00,0.00,0,
"MSFT Hyd","2025-07-23","POS","TAKEAWAY","177","FOOD","Main Course","Pizza","Chipotle Chicken Mozzarella Pide",1.00,1.00,240.950,240.95,0.00,240.95,12.05,253.00,0,
"MSFT Hyd","2025-07-23","POS","TAKEAWAY","125","BEVERAGES","Hot Beverages","Hot Chocolate","Hazelnut Indulgent Hot Chocolate-Med",3.00,3.00,180.950,542.85,0.00,542.85,27.15,570.00,0,
"MSFT Hyd","2025-07-23","POS","TAKEAWAY","3","BEVERAGES","Cold Beverages","Cold Brews","Iced Latte Signature-Lrg",7.00,7.00,142.860,1000.02,0.00,1000.02,49.98,1050.00,0,
"MSFT Hyd","2025-07-23","POS","TAKEAWAY","10","BEVERAGES","Cold Beverages","Cold Brews","Islander Cold Coffee-Lrg",29.00,29.00,180.950,5247.55,0.00,5247.55,262.45,5510.00,0,
"MSFT Hyd","2025-07-23","POS","TAKEAWAY","106","BEVERAGES","Hot Beverages","Hot Brews","Cappuccino-reg",13.00,13.00,152.380,1980.94,0.00,1980.94,99.06,2080.00,0,
"MSFT Hyd","2025-07-23","POS","TAKEAWAY","211","FOOD","Quick Bites","Croissant Cookie & Muffin","Double Choco Chunk Cookie",6.00,6.00,99.480,596.88,0.00,596.88,29.82,626.70,0,
"MSFT Hyd","2025-07-23","POS","TAKEAWAY","35","BEVERAGES","Cold Beverages","Iced Chocolate","Classic Strawberry Iced Chocolate-Lrg",1.00,1.00,180.950,180.95,0.00,180.95,9.05,190.00,0,
"MSFT Hyd","2025-07-23","POS","TAKEAWAY","144","BEVERAGES","ADDON","Choice of Beans","Ethiopia Blend 20g @0",1.00,1.00,0.000,0.00,0.00,0.00,0.00,0.00,0,
"MSFT Hyd","2025-07-23","POS","TAKEAWAY","184","FOOD","Main Course","Wholesome Wrap","Smoked Cottage Cheese Wrap",3.00,3.00,241.280,723.84,0.00,723.84,36.18,760.02,0,
"MSFT Hyd","2025-07-23","POS","TAKEAWAY","185","FOOD","Desserts","Desserts","Cold Brew Tiramisu",3.00,3.00,241.280,723.84,0.00,723.84,36.18,760.02,0,
"MSFT Hyd","2025-07-23","POS","TAKEAWAY","94","BEVERAGES","Hot Beverages","Hot Brews","Flat White",1.00,1.00,161.900,161.90,0.00,161.90,8.10,170.00,0,
"MSFT Hyd","2025-07-23","POS","TAKEAWAY","190","FOOD","Desserts","Desserts","Pecan & Date Tea Cake",5.00,5.00,190.478,952.39,0.00,952.39,47.61,1000.00,0,
"MSFT Hyd","2025-07-23","POS","TAKEAWAY","33","BEVERAGES","Cold Beverages","Iced Chocolate","Guilt-Free Iced Chocolate-Med",2.00,2.00,161.900,323.80,0.00,323.80,16.20,340.00,0,
"MSFT Hyd","2025-07-23","POS","TAKEAWAY","213","FOOD","Quick Bites","Croissant Cookie & Muffin","Sea Salt Caramel Brookie",6.00,6.00,140.330,841.98,0.00,841.98,42.12,884.10,0,
"MSFT Hyd","2025-07-23","POS","TAKEAWAY","342","BEVERAGES","ADDON","Choice of Milk","Regular - Milk -200g Default",12.00,12.00,0.000,0.00,0.00,0.00,0.00,0.00,0,
"MSFT Hyd","2025-07-23","POS","TAKEAWAY","336","BEVERAGES","ADDON","Choice of Milk","Regular - Milk -130g Default",13.00,13.00,0.000,0.00,0.00,0.00,0.00,0.00,0,
"MSFT Hyd","2025-07-23","POS","TAKEAWAY","44","BEVERAGES","Cold Beverages","Island Special-Cold","Mocha Espressione Cold-Lrg",1.00,1.00,200.000,200.00,0.00,200.00,10.00,210.00,0,
"MSFT Hyd","2025-07-23","POS","TAKEAWAY","333","BEVERAGES","ADDON","Choice of Milk","Regular - Milk -100g Default",4.00,4.00,0.000,0.00,0.00,0.00,0.00,0.00,0,
"MSFT Hyd","2025-07-23","POS","TAKEAWAY","151","BEVERAGES","ADDON","Choice of Milk","Oat Milk @50",1.00,1.00,50.000,50.00,0.00,50.00,2.50,52.50,0,
"MSFT Hyd","2025-07-23","POS","TAKEAWAY","118","BEVERAGES","Hot Beverages","Hot Chocolate","Classic Strawberry Hot Chocolate-Med",5.00,5.00,180.950,904.75,0.00,904.75,45.25,950.00,0,
"MSFT Hyd","2025-07-23","POS","TAKEAWAY","351","BEVERAGES","ADDON","Choice of Beans","Volcano Blend 20g@0",1.00,1.00,0.000,0.00,0.00,0.00,0.00,0.00,0,
"MSFT Hyd","2025-07-23","POS","TAKEAWAY","116","BEVERAGES","Hot Beverages","Hot Chocolate","Signature Belgian Dark Hot Chocolate-Med",9.00,9.00,180.950,1628.55,0.00,1628.55,81.45,1710.00,0,
"MSFT Hyd","2025-07-23","POS","TAKEAWAY","42","BEVERAGES","Cold Beverages","Island Special-Cold","Freddo Espresso Ristretto-Med",1.00,1.00,180.950,180.95,0.00,180.95,9.05,190.00,0,
"MSFT Hyd","2025-07-23","POS","TAKEAWAY","196","FOOD","Desserts","Gelato","Belgian Chocolate Singal Scoop",7.00,7.00,94.290,660.03,0.00,660.03,32.97,693.00,0,
"MSFT Hyd","2025-07-23","POS","TAKEAWAY","68","BEVERAGES","Cold Beverages","Refresh","Bobastic Raw Mango Refresh Tea-Lrg",1.00,1.00,200.000,200.00,0.00,200.00,10.00,210.00,0,
"MSFT Hyd","2025-07-23","POS","TAKEAWAY","32","BEVERAGES","Cold Beverages","Iced Chocolate","Guilt-Free Iced Chocolate-Lrg",4.00,4.00,180.950,723.80,0.00,723.80,36.20,760.00,0,
"MSFT Hyd","2025-07-23","POS","TAKEAWAY","188","FOOD","Desserts","Desserts","Cinnamon & Jaggery Tea Cake",4.00,4.00,140.330,561.32,0.00,561.32,28.08,589.40,0,
"MSFT Hyd","2025-07-23","POS","TAKEAWAY","152","BEVERAGES","ADDON","Choice of Milk","Skimmed Milk @50",1.00,1.00,50.000,50.00,0.00,50.00,2.50,52.50,0,
"MSFT Hyd","2025-07-23","POS","TAKEAWAY","11","BEVERAGES","Cold Beverages","Cold Brews","Islander Cold Coffee-Med",5.00,5.00,171.430,857.15,0.00,857.15,42.85,900.00,0,
"MSFT Hyd","2025-07-23","POS","TAKEAWAY","39","BEVERAGES","Cold Beverages","Iced Chocolate","Dreamy Hazelnut Iced Chocolate-Med",2.00,2.00,161.900,323.80,0.00,323.80,16.20,340.00,0,
"MSFT Hyd","2025-07-23","POS","TAKEAWAY","134","BEVERAGES","Hot Beverages","Island Special-Hot","Mocha Espressione Hot-Med",1.00,1.00,200.000,200.00,0.00,200.00,10.00,210.00,0,
"MSFT Hyd","2025-07-24","POS","DINE IN","355","NA","Cold Beverages","Food Sampling for Microsoft/Compass","Volcano Blend@54g",1.00,1.00,0.000,0.00,0.00,0.00,0.00,0.00,0,
"MSFT Hyd","2025-07-24","POS","DINE IN","356","NA","Cold Beverages","Food Sampling for Microsoft/Compass","Regular Milk @160ML",1.00,1.00,0.000,0.00,0.00,0.00,0.00,0.00,0,
"MSFT Hyd","2025-07-24","POS","DINE IN","353","EMP MEAL","Emp Meal","Emp Meal","Emp Meal",5.00,5.00,0.000,0.00,0.00,0.00,0.00,0.00,0,
"MSFT Hyd","2025-07-24","POS","DINE IN","354","NA","Cold Beverages","Food Sampling for Microsoft/Compass","Master Blend",1.00,1.00,0.000,0.00,0.00,0.00,0.00,0.00,0,
"MSFT Hyd","2025-07-24","POS","TAKEAWAY","196","FOOD","Desserts","Gelato","Belgian Chocolate Singal Scoop",5.00,5.00,94.290,471.45,0.00,471.45,23.55,495.00,0,
"MSFT Hyd","2025-07-24","POS","TAKEAWAY","78","BEVERAGES","Cold Beverages","Refresh","Bobastic Peach Paradise Refresh Tea-Med",1.00,1.00,180.950,180.95,0.00,180.95,9.05,190.00,0,
"MSFT Hyd","2025-07-24","POS","TAKEAWAY","32","BEVERAGES","Cold Beverages","Iced Chocolate","Guilt-Free Iced Chocolate-Lrg",1.00,1.00,180.950,180.95,0.00,180.95,9.05,190.00,0,
"MSFT Hyd","2025-07-24","POS","TAKEAWAY","48","BEVERAGES","Cold Beverages","Island Special-Cold","Freddo Cappuccino-Lrg",2.00,2.00,180.950,361.90,0.00,361.90,18.10,380.00,0,
"MSFT Hyd","2025-07-24","POS","TAKEAWAY","190","FOOD","Desserts","Desserts","Pecan & Date Tea Cake",2.00,2.00,190.480,380.96,0.00,380.96,19.04,400.00,0,
"MSFT Hyd","2025-07-24","POS","TAKEAWAY","94","BEVERAGES","Hot Beverages","Hot Brews","Flat White",1.00,1.00,161.900,161.90,0.00,161.90,8.10,170.00,0,
"MSFT Hyd","2025-07-24","POS","TAKEAWAY","215","FOOD","Quick Bites","Croissant Cookie & Muffin","Rocky Road & Pecan Muffin",3.00,3.00,190.480,571.44,0.00,571.44,28.56,600.00,0,
"MSFT Hyd","2025-07-24","POS","TAKEAWAY","221","FOOD","Quick Bites","Puff & Toastie","Chipotle Paneer Bhurji & Broccomole Toastie",3.00,3.00,241.280,723.84,0.00,723.84,36.18,760.02,0,
"MSFT Hyd","2025-07-24","POS","TAKEAWAY","209","FOOD","Desserts","Gelato","Dark Chocolate SSC Single Scoop",3.00,3.00,94.290,282.87,0.00,282.87,14.13,297.00,0,
"MSFT Hyd","2025-07-24","POS","TAKEAWAY","166","BEVERAGES","ADDON","Choice of Syrup","Hazelnut Syrup @50",3.00,3.00,25.000,75.00,0.00,75.00,3.75,78.75,0,
"MSFT Hyd","2025-07-24","POS","TAKEAWAY","340","BEVERAGES","ADDON","Choice of Milk","Regular - Milk -170g Default",14.00,14.00,0.000,0.00,0.00,0.00,0.00,0.00,0,
"MSFT Hyd","2025-07-24","POS","TAKEAWAY","38","BEVERAGES","Cold Beverages","Iced Chocolate","Dreamy Hazelnut Iced Chocolate-Lrg",2.00,2.00,180.950,361.90,0.00,361.90,18.10,380.00,0,
"MSFT Hyd","2025-07-24","POS","TAKEAWAY","49","BEVERAGES","Cold Beverages","Island Special-Cold","Freddo Cappuccino-Med",2.00,2.00,161.900,323.80,0.00,323.80,16.20,340.00,0,
"MSFT Hyd","2025-07-24","POS","TAKEAWAY","90","BEVERAGES","Hot Beverages","Hot Brews","Cortardo (Small)",2.00,2.00,152.380,304.76,0.00,304.76,15.24,320.00,0,
"MSFT Hyd","2025-07-24","POS","TAKEAWAY","45","BEVERAGES","Cold Beverages","Island Special-Cold","Mocha Espressione Cold-Med",1.00,1.00,180.950,180.95,0.00,180.95,9.05,190.00,0,
"MSFT Hyd","2025-07-24","POS","TAKEAWAY","333","BEVERAGES","ADDON","Choice of Milk","Regular - Milk -100g Default",1.00,1.00,0.000,0.00,0.00,0.00,0.00,0.00,0,
"MSFT Hyd","2025-07-24","POS","TAKEAWAY","142","BEVERAGES","ADDON","Choice of Beans","Ethiopia Single Estate @50",1.00,1.00,50.000,50.00,0.00,50.00,2.50,52.50,0,
"MSFT Hyd","2025-07-24","POS","TAKEAWAY","65","BEVERAGES","Cold Beverages","Proffees (Protein + Coffee)","Caremel Proffee (Protein + Coffee)",1.00,1.00,209.520,209.52,0.00,209.52,10.48,220.00,0,
"MSFT Hyd","2025-07-24","POS","TAKEAWAY","106","BEVERAGES","Hot Beverages","Hot Brews","Cappuccino-reg",12.00,12.00,152.380,1828.56,0.00,1828.56,91.44,1920.00,0,
"MSFT Hyd","2025-07-24","POS","TAKEAWAY","211","FOOD","Quick Bites","Croissant Cookie & Muffin","Double Choco Chunk Cookie",2.00,2.00,99.480,198.96,0.00,198.96,9.94,208.90,0,
"MSFT Hyd","2025-07-24","POS","TAKEAWAY","115","BEVERAGES","Hot Beverages","Hot Chocolate","Signature Belgian Dark Hot Chocolate-reg",2.00,2.00,161.900,323.80,0.00,323.80,16.20,340.00,0,
"MSFT Hyd","2025-07-24","POS","TAKEAWAY","186","FOOD","Desserts","Desserts","Belgian Chocolate Fudge Brownie",18.00,18.00,99.482,1790.67,0.00,1790.67,89.49,1880.16,0,
"MSFT Hyd","2025-07-24","POS","TAKEAWAY","105","BEVERAGES","Hot Beverages","Hot Brews","Cappuccino-Med",12.00,12.00,171.430,2057.16,0.00,2057.16,102.84,2160.00,0,
"MSFT Hyd","2025-07-24","POS","TAKEAWAY","3","BEVERAGES","Cold Beverages","Cold Brews","Iced Latte Signature-Lrg",4.00,4.00,142.860,571.44,0.00,571.44,28.56,600.00,0,
"MSFT Hyd","2025-07-24","POS","TAKEAWAY","116","BEVERAGES","Hot Beverages","Hot Chocolate","Signature Belgian Dark Hot Chocolate-Med",12.00,12.00,180.950,2171.40,0.00,2171.40,108.60,2280.00,0,
"MSFT Hyd","2025-07-24","POS","TAKEAWAY","99","BEVERAGES","Hot Beverages","Hot Brews","Americano-reg",3.00,3.00,133.330,399.99,0.00,399.99,20.01,420.00,0,
"MSFT Hyd","2025-07-24","POS","TAKEAWAY","121","BEVERAGES","Hot Beverages","Hot Chocolate","Guilt-Free Hot Chocolate-Med",6.00,6.00,180.950,1085.70,0.00,1085.70,54.30,1140.00,0,
"MSFT Hyd","2025-07-24","POS","TAKEAWAY","216","FOOD","Quick Bites","Croissant Cookie & Muffin","White Chocolate & Pistachio Flat Croissant",5.00,5.00,140.330,701.65,0.00,701.65,35.10,736.75,0,
"MSFT Hyd","2025-07-24","POS","TAKEAWAY","61","BEVERAGES","Cold Beverages","Overnight Brew","Overnite Espresso Vietnamese Brew",3.00,3.00,209.520,628.56,0.00,628.56,31.44,660.00,0,
"MSFT Hyd","2025-07-24","POS","TAKEAWAY","2","BEVERAGES","Cold Beverages","Cold Brews","Iced Latte Signature-Med",3.00,3.00,123.810,371.43,0.00,371.43,18.57,390.00,0,
"MSFT Hyd","2025-07-24","POS","TAKEAWAY","205","FOOD","Desserts","Gelato","French Vanilla Single Scoop",2.00,2.00,94.290,188.58,0.00,188.58,9.42,198.00,0,
"MSFT Hyd","2025-07-24","POS","TAKEAWAY","217","FOOD","Quick Bites","Puff & Toastie","Korean Garlic Mushroom Puff",11.00,11.00,99.480,1094.28,0.00,1094.28,54.67,1148.95,0,
"MSFT Hyd","2025-07-24","POS","TAKEAWAY","100","BEVERAGES","Hot Beverages","Hot Brews","Americano-Med",5.00,5.00,152.380,761.90,0.00,761.90,38.10,800.00,0,
"MSFT Hyd","2025-07-24","POS","TAKEAWAY","212","FOOD","Quick Bites","Croissant Cookie & Muffin","French Butter Croissant",3.00,3.00,99.480,298.44,0.00,298.44,14.91,313.35,0,
"MSFT Hyd","2025-07-24","POS","TAKEAWAY","146","BEVERAGES","ADDON","Choice of Beans","Ethiopia Single Estate 20g@Default",2.00,2.00,0.000,0.00,0.00,0.00,0.00,0.00,0,
"MSFT Hyd","2025-07-24","POS","TAKEAWAY","171","FOOD","Main Course","Hand Made Sandwiches","Roasted Turkey Tomato & Cheese Croissant",1.00,1.00,291.760,291.76,0.00,291.76,14.59,306.35,0,
"MSFT Hyd","2025-07-24","POS","TAKEAWAY","338","BEVERAGES","ADDON","Choice of Milk","Regular - Milk -150g Default",2.00,2.00,0.000,0.00,0.00,0.00,0.00,0.00,0,
"MSFT Hyd","2025-07-24","POS","TAKEAWAY","11","BEVERAGES","Cold Beverages","Cold Brews","Islander Cold Coffee-Med",11.00,11.00,171.429,1885.72,0.00,1885.72,94.28,1980.00,0,
"MSFT Hyd","2025-07-24","POS","TAKEAWAY","122","BEVERAGES","Hot Beverages","Hot Chocolate","Guilt-Free Hot Chocolate-Reg",2.00,2.00,161.900,323.80,0.00,323.80,16.20,340.00,0,
"MSFT Hyd","2025-07-24","POS","TAKEAWAY","185","FOOD","Desserts","Desserts","Cold Brew Tiramisu",4.00,4.00,241.280,965.12,0.00,965.12,48.24,1013.36,0,
"MSFT Hyd","2025-07-24","POS","TAKEAWAY","336","BEVERAGES","ADDON","Choice of Milk","Regular - Milk -130g Default",12.00,12.00,0.000,0.00,0.00,0.00,0.00,0.00,0,
"MSFT Hyd","2025-07-24","POS","TAKEAWAY","53","BEVERAGES","Cold Beverages","Milk Shake","Double Chocolate Indulgent Milkshake-Lrg",1.00,1.00,200.000,200.00,0.00,200.00,10.00,210.00,0,
"MSFT Hyd","2025-07-24","POS","TAKEAWAY","140","BEVERAGES","ADDON","Choice of Beans","Ethiopia Blend @25",1.00,1.00,25.000,25.00,0.00,25.00,1.25,26.25,0,
"MSFT Hyd","2025-07-24","POS","TAKEAWAY","8","BEVERAGES","Cold Beverages","Cold Brews","Gelato Affagato",2.00,2.00,200.000,400.00,0.00,400.00,20.00,420.00,0,
"MSFT Hyd","2025-07-24","POS","TAKEAWAY","129","BEVERAGES","Hot Beverages","Hot Tea","Chamomile Sunset Classic Tea",1.00,1.00,161.900,161.90,0.00,161.90,8.10,170.00,0,
"MSFT Hyd","2025-07-24","POS","TAKEAWAY","50","BEVERAGES","Cold Beverages","Island Special-Cold","Iced Vietneamese Shakerato",2.00,2.00,209.520,419.04,0.00,419.04,20.96,440.00,0,
"MSFT Hyd","2025-07-24","POS","TAKEAWAY","173","FOOD","Main Course","Hand Made Sandwiches","Mushroom & Scrambled Egg White Broccomole Bagel",1.00,1.00,241.280,241.28,0.00,241.28,12.06,253.34,0,
"MSFT Hyd","2025-07-24","POS","TAKEAWAY","220","FOOD","Quick Bites","Puff & Toastie","Herb Chicken Open Puff",1.00,1.00,140.330,140.33,0.00,140.33,7.02,147.35,0,
"MSFT Hyd","2025-07-24","POS","TAKEAWAY","335","BEVERAGES","ADDON","Choice of Milk","Regular - Milk -120g Default",2.00,2.00,0.000,0.00,0.00,0.00,0.00,0.00,0,
"MSFT Hyd","2025-07-24","POS","TAKEAWAY","87","BEVERAGES","Hot Beverages","Alternative Brews","Chemex",2.00,2.00,200.000,400.00,0.00,400.00,20.00,420.00,0,
"MSFT Hyd","2025-07-24","POS","TAKEAWAY","178","FOOD","Main Course","Pizza","Roasted Tomato Basil Bocconcini Pide",1.00,1.00,240.950,240.95,0.00,240.95,12.05,253.00,0,
"MSFT Hyd","2025-07-24","POS","TAKEAWAY","63","BEVERAGES","Cold Beverages","Proffees (Protein + Coffee)","Cookie & Cream Proffee (Protein + Coffee)",2.00,2.00,209.520,419.04,0.00,419.04,20.96,440.00,0,
"MSFT Hyd","2025-07-24","POS","TAKEAWAY","214","FOOD","Quick Bites","Croissant Cookie & Muffin","Oats & Honey Delight Muffin",1.00,1.00,190.480,190.48,0.00,190.48,9.52,200.00,0,
"MSFT Hyd","2025-07-24","POS","TAKEAWAY","167","BEVERAGES","ADDON","Choice of Syrup","Salted Caramel Syrup @50",2.00,2.00,25.000,50.00,0.00,50.00,2.50,52.50,0,
"MSFT Hyd","2025-07-24","POS","TAKEAWAY","344","BEVERAGES","ADDON","Choice of Milk","Regular - Milk -220g Default",27.00,27.00,0.000,0.00,0.00,0.00,0.00,0.00,0,
"MSFT Hyd","2025-07-24","POS","TAKEAWAY","405","BEVERAGES","ADDON","Choice of Beans","Kenya Single Estate 20g @0",1.00,1.00,0.000,0.00,0.00,0.00,0.00,0.00,0,
"MSFT Hyd","2025-07-24","POS","TAKEAWAY","183","FOOD","Main Course","Wholesome Wrap","Sriracha Chicken & Avocado Wrap",1.00,1.00,241.280,241.28,0.00,241.28,12.06,253.34,0,
"MSFT Hyd","2025-07-24","POS","TAKEAWAY","134","BEVERAGES","Hot Beverages","Island Special-Hot","Mocha Espressione Hot-Med",5.00,5.00,200.000,1000.00,0.00,1000.00,50.00,1050.00,0,
"MSFT Hyd","2025-07-24","POS","TAKEAWAY","188","FOOD","Desserts","Desserts","Cinnamon & Jaggery Tea Cake",2.00,2.00,140.330,280.66,0.00,280.66,14.04,294.70,0,
"MSFT Hyd","2025-07-24","POS","TAKEAWAY","97","BEVERAGES","Hot Beverages","Hot Brews","Hot Latte Signature-reg",3.00,3.00,152.380,457.14,0.00,457.14,22.86,480.00,0,
"MSFT Hyd","2025-07-24","POS","TAKEAWAY","10","BEVERAGES","Cold Beverages","Cold Brews","Islander Cold Coffee-Lrg",21.00,21.00,180.950,3799.95,0.00,3799.95,190.05,3990.00,0,
"MSFT Hyd","2025-07-24","POS","TAKEAWAY","125","BEVERAGES","Hot Beverages","Hot Chocolate","Hazelnut Indulgent Hot Chocolate-Med",8.00,8.00,180.950,1447.60,0.00,1447.60,72.40,1520.00,0,
"MSFT Hyd","2025-07-24","POS","TAKEAWAY","119","BEVERAGES","Hot Beverages","Hot Chocolate","Classic Strawberry Hot Chocolate-reg",1.00,1.00,161.900,161.90,0.00,161.90,8.10,170.00,0,
"MSFT Hyd","2025-07-24","POS","TAKEAWAY","41","BEVERAGES","Cold Beverages","Island Special-Cold","Freddo Espresso Ristretto-Lrg",1.00,1.00,200.000,200.00,0.00,200.00,10.00,210.00,0,
"MSFT Hyd","2025-07-24","POS","TAKEAWAY","200","FOOD","Desserts","Gelato","Mango Sorbet Singal Scoop",1.00,1.00,94.290,94.29,0.00,94.29,4.71,99.00,0,
"MSFT Hyd","2025-07-24","POS","TAKEAWAY","151","BEVERAGES","ADDON","Choice of Milk","Oat Milk @50",1.00,1.00,50.000,50.00,0.00,50.00,2.50,52.50,0,
"MSFT Hyd","2025-07-24","POS","TAKEAWAY","234","BEVERAGES","ADDON","Choice of Beans","Master Blend - (Default)",11.00,11.00,0.000,0.00,0.00,0.00,0.00,0.00,0,
"MSFT Hyd","2025-07-24","POS","TAKEAWAY","189","FOOD","Desserts","Desserts","New York Cheesecake",3.00,3.00,241.280,723.84,0.00,723.84,36.18,760.02,0,
"MSFT Hyd","2025-07-24","POS","TAKEAWAY","219","FOOD","Quick Bites","Puff & Toastie","Peri Peri Cheese Toastie",2.00,2.00,190.480,380.96,0.00,380.96,19.04,400.00,0,
"MSFT Hyd","2025-07-24","POS","TAKEAWAY","124","BEVERAGES","Hot Beverages","Hot Chocolate","Hazelnut Indulgent Hot Chocolate-Reg",3.00,3.00,161.900,485.70,0.00,485.70,24.30,510.00,0,
"MSFT Hyd","2025-07-24","POS","TAKEAWAY","135","BEVERAGES","Hot Beverages","Island Special-Hot","Mocha Espressione Hot-reg",8.00,8.00,180.950,1447.60,0.00,1447.60,72.40,1520.00,0,
"MSFT Hyd","2025-07-24","POS","TAKEAWAY","339","BEVERAGES","ADDON","Choice of Milk","Regular - Milk -160g Default",8.00,8.00,0.000,0.00,0.00,0.00,0.00,0.00,0,
"MSFT Hyd","2025-07-24","POS","TAKEAWAY","343","BEVERAGES","ADDON","Choice of Milk","Regular - Milk -210g Default",1.00,1.00,0.000,0.00,0.00,0.00,0.00,0.00,0,
"MSFT Hyd","2025-07-24","POS","TAKEAWAY","342","BEVERAGES","ADDON","Choice of Milk","Regular - Milk -200g Default",11.00,11.00,0.000,0.00,0.00,0.00,0.00,0.00,0,
"MSFT Hyd","2025-07-24","POS","TAKEAWAY","213","FOOD","Quick Bites","Croissant Cookie & Muffin","Sea Salt Caramel Brookie",5.00,5.00,140.330,701.65,0.00,701.65,35.10,736.75,0,
"MSFT Hyd","2025-07-24","POS","TAKEAWAY","130","BEVERAGES","Hot Beverages","Hot Tea","Indian Masala Tea",1.00,1.00,161.900,161.90,0.00,161.90,8.10,170.00,0,
"MSFT Hyd","2025-07-24","POS","TAKEAWAY","150","BEVERAGES","ADDON","Choice of Milk","Almond Milk @50",4.00,4.00,50.000,200.00,0.00,200.00,10.00,210.00,0,
"MSFT Hyd","2025-07-24","POS","TAKEAWAY","337","BEVERAGES","ADDON","Choice of Milk","Regular - Milk -140g Default",8.00,8.00,0.000,0.00,0.00,0.00,0.00,0.00,0,
"MSFT Hyd","2025-07-24","POS","TAKEAWAY","235","BEVERAGES","ADDON","Choice of Beans","Volcano Blend - (Default)",90.00,90.00,0.000,0.00,0.00,0.00,0.00,0.00,0,
"MSFT Hyd","2025-07-24","POS","TAKEAWAY","86","BEVERAGES","Hot Beverages","Alternative Brews","Island Pour Over",1.00,1.00,200.000,200.00,0.00,200.00,10.00,210.00,0,
"MSFT Hyd","2025-07-24","POS","TAKEAWAY","15","BEVERAGES","Cold Beverages","Cold Brews","Iced Americano-Med",1.00,1.00,152.380,152.38,0.00,152.38,7.62,160.00,0,
"MSFT Hyd","2025-07-24","POS","TAKEAWAY","96","BEVERAGES","Hot Beverages","Hot Brews","Hot Latte Signature-Med",2.00,2.00,171.430,342.86,0.00,342.86,17.14,360.00,0,
"MSFT Hyd","2025-07-25","POS","DINE IN","356","NA","Cold Beverages","Food Sampling for Microsoft/Compass","Regular Milk @160ML",1.00,1.00,0.000,0.00,0.00,0.00,0.00,0.00,0,
"MSFT Hyd","2025-07-25","POS","DINE IN","354","NA","Cold Beverages","Food Sampling for Microsoft/Compass","Master Blend",1.00,1.00,0.000,0.00,0.00,0.00,0.00,0.00,0,
"MSFT Hyd","2025-07-25","POS","DINE IN","353","EMP MEAL","Emp Meal","Emp Meal","Emp Meal",5.00,5.00,0.000,0.00,0.00,0.00,0.00,0.00,0,
"MSFT Hyd","2025-07-25","POS","DINE IN","355","NA","Cold Beverages","Food Sampling for Microsoft/Compass","Volcano Blend@54g",1.00,1.00,0.000,0.00,0.00,0.00,0.00,0.00,0,
"MSFT Hyd","2025-07-25","POS","TAKEAWAY","174","FOOD","Main Course","Hand Made Sandwiches","Garlic Mushroom & Caramelized Onion Melt",4.00,4.00,241.280,965.12,0.00,965.12,48.24,1013.36,0,
"MSFT Hyd","2025-07-25","POS","TAKEAWAY","125","BEVERAGES","Hot Beverages","Hot Chocolate","Hazelnut Indulgent Hot Chocolate-Med",7.00,7.00,180.950,1266.65,0.00,1266.65,63.35,1330.00,0,
"MSFT Hyd","2025-07-25","POS","TAKEAWAY","6","BEVERAGES","Cold Beverages","Cold Brews","Bobastic Coffeeccino-Med",4.00,4.00,180.950,723.80,0.00,723.80,36.20,760.00,0,
"MSFT Hyd","2025-07-25","POS","TAKEAWAY","167","BEVERAGES","ADDON","Choice of Syrup","Salted Caramel Syrup @50",2.00,2.00,25.000,50.00,0.00,50.00,2.50,52.50,0,
"MSFT Hyd","2025-07-25","POS","TAKEAWAY","119","BEVERAGES","Hot Beverages","Hot Chocolate","Classic Strawberry Hot Chocolate-reg",1.00,1.00,161.900,161.90,0.00,161.90,8.10,170.00,0,
"MSFT Hyd","2025-07-25","POS","TAKEAWAY","332","BEVERAGES","ADDON","Choice of Milk","Regular - Milk -90g Default",4.00,4.00,0.000,0.00,0.00,0.00,0.00,0.00,0,
"MSFT Hyd","2025-07-25","POS","TAKEAWAY","121","BEVERAGES","Hot Beverages","Hot Chocolate","Guilt-Free Hot Chocolate-Med",6.00,6.00,180.950,1085.70,0.00,1085.70,54.30,1140.00,0,
"MSFT Hyd","2025-07-25","POS","TAKEAWAY","135","BEVERAGES","Hot Beverages","Island Special-Hot","Mocha Espressione Hot-reg",10.00,10.00,180.950,1809.50,0.00,1809.50,90.50,1900.00,0,
"MSFT Hyd","2025-07-25","POS","TAKEAWAY","214","FOOD","Quick Bites","Croissant Cookie & Muffin","Oats & Honey Delight Muffin",2.00,2.00,190.480,380.96,0.00,380.96,19.04,400.00,0,
"MSFT Hyd","2025-07-25","POS","TAKEAWAY","142","BEVERAGES","ADDON","Choice of Beans","Ethiopia Single Estate @50",2.00,2.00,50.000,100.00,0.00,100.00,5.00,105.00,0,
"MSFT Hyd","2025-07-25","POS","TAKEAWAY","166","BEVERAGES","ADDON","Choice of Syrup","Hazelnut Syrup @50",3.00,3.00,25.000,75.00,0.00,75.00,3.75,78.75,0,
"MSFT Hyd","2025-07-25","POS","TAKEAWAY","338","BEVERAGES","ADDON","Choice of Milk","Regular - Milk -150g Default",5.00,5.00,0.000,0.00,0.00,0.00,0.00,0.00,0,
"MSFT Hyd","2025-07-25","POS","TAKEAWAY","17","BEVERAGES","Cold Beverages","Granita","Slushed Pineapple Mango Sunshine Granita-Med",1.00,1.00,161.900,161.90,0.00,161.90,8.10,170.00,0,
"MSFT Hyd","2025-07-25","POS","TAKEAWAY","188","FOOD","Desserts","Desserts","Cinnamon & Jaggery Tea Cake",9.00,9.00,140.330,1262.97,0.00,1262.97,63.18,1326.15,0,
"MSFT Hyd","2025-07-25","POS","TAKEAWAY","185","FOOD","Desserts","Desserts","Cold Brew Tiramisu",2.00,2.00,241.280,482.56,0.00,482.56,24.12,506.68,0,
"MSFT Hyd","2025-07-25","POS","TAKEAWAY","64","BEVERAGES","Cold Beverages","Proffees (Protein + Coffee)","Espresso Proffee (Protein + Coffee)",2.00,2.00,209.520,419.04,0.00,419.04,20.96,440.00,0,
"MSFT Hyd","2025-07-25","POS","TAKEAWAY","341","BEVERAGES","ADDON","Choice of Milk","Regular - Milk -180g Default",3.00,3.00,0.000,0.00,0.00,0.00,0.00,0.00,0,
"MSFT Hyd","2025-07-25","POS","TAKEAWAY","106","BEVERAGES","Hot Beverages","Hot Brews","Cappuccino-reg",7.00,7.00,152.380,1066.66,0.00,1066.66,53.34,1120.00,0,
"MSFT Hyd","2025-07-25","POS","TAKEAWAY","336","BEVERAGES","ADDON","Choice of Milk","Regular - Milk -130g Default",8.00,8.00,0.000,0.00,0.00,0.00,0.00,0.00,0,
"MSFT Hyd","2025-07-25","POS","TAKEAWAY","96","BEVERAGES","Hot Beverages","Hot Brews","Hot Latte Signature-Med",3.00,3.00,171.430,514.29,0.00,514.29,25.71,540.00,0,
"MSFT Hyd","2025-07-25","POS","TAKEAWAY","86","BEVERAGES","Hot Beverages","Alternative Brews","Island Pour Over",3.00,3.00,200.000,600.00,0.00,600.00,30.00,630.00,0,
"MSFT Hyd","2025-07-25","POS","TAKEAWAY","342","BEVERAGES","ADDON","Choice of Milk","Regular - Milk -200g Default",10.00,10.00,0.000,0.00,0.00,0.00,0.00,0.00,0,
"MSFT Hyd","2025-07-25","POS","TAKEAWAY","189","FOOD","Desserts","Desserts","New York Cheesecake",3.00,3.00,241.280,723.84,0.00,723.84,36.18,760.02,0,
"MSFT Hyd","2025-07-25","POS","TAKEAWAY","70","BEVERAGES","Cold Beverages","Refresh","Iced Classic Lemon Tea-Med",1.00,1.00,123.810,123.81,0.00,123.81,6.19,130.00,0,
"MSFT Hyd","2025-07-25","POS","TAKEAWAY","97","BEVERAGES","Hot Beverages","Hot Brews","Hot Latte Signature-reg",6.00,6.00,152.380,914.28,0.00,914.28,45.72,960.00,0,
"MSFT Hyd","2025-07-25","POS","TAKEAWAY","216","FOOD","Quick Bites","Croissant Cookie & Muffin","White Chocolate & Pistachio Flat Croissant",2.00,2.00,140.330,280.66,0.00,280.66,14.04,294.70,0,
"MSFT Hyd","2025-07-25","POS","TAKEAWAY","200","FOOD","Desserts","Gelato","Mango Sorbet Singal Scoop",3.00,3.00,94.290,282.87,0.00,282.87,14.13,297.00,0,
"MSFT Hyd","2025-07-25","POS","TAKEAWAY","173","FOOD","Main Course","Hand Made Sandwiches","Mushroom & Scrambled Egg White Broccomole Bagel",3.00,3.00,241.280,723.84,0.00,723.84,36.18,760.02,0,
"MSFT Hyd","2025-07-25","POS","TAKEAWAY","134","BEVERAGES","Hot Beverages","Island Special-Hot","Mocha Espressione Hot-Med",3.00,3.00,200.000,600.00,0.00,600.00,30.00,630.00,0,
"MSFT Hyd","2025-07-25","POS","TAKEAWAY","237","BEVERAGES","ADDON","Choice of Crema","Salted Caramel Crema - 0  (Default)",4.00,4.00,0.000,0.00,0.00,0.00,0.00,0.00,0,
"MSFT Hyd","2025-07-25","POS","TAKEAWAY","115","BEVERAGES","Hot Beverages","Hot Chocolate","Signature Belgian Dark Hot Chocolate-reg",5.00,5.00,161.900,809.50,0.00,809.50,40.50,850.00,0,
"MSFT Hyd","2025-07-25","POS","TAKEAWAY","186","FOOD","Desserts","Desserts","Belgian Chocolate Fudge Brownie",11.00,11.00,99.480,1094.28,0.00,1094.28,54.67,1148.95,0,
"MSFT Hyd","2025-07-25","POS","TAKEAWAY","41","BEVERAGES","Cold Beverages","Island Special-Cold","Freddo Espresso Ristretto-Lrg",1.00,1.00,200.000,200.00,0.00,200.00,10.00,210.00,0,
"MSFT Hyd","2025-07-25","POS","TAKEAWAY","52","BEVERAGES","Cold Beverages","Milk Shake","Double Chocolate Indulgent Milkshake-Med",2.00,2.00,180.950,361.90,0.00,361.90,18.10,380.00,0,
"MSFT Hyd","2025-07-25","POS","TAKEAWAY","38","BEVERAGES","Cold Beverages","Iced Chocolate","Dreamy Hazelnut Iced Chocolate-Lrg",2.00,2.00,180.950,361.90,0.00,361.90,18.10,380.00,0,
"MSFT Hyd","2025-07-25","POS","TAKEAWAY","219","FOOD","Quick Bites","Puff & Toastie","Peri Peri Cheese Toastie",5.00,5.00,190.480,952.40,0.00,952.40,47.60,1000.00,0,
"MSFT Hyd","2025-07-25","POS","TAKEAWAY","29","BEVERAGES","Cold Beverages","Iced Chocolate","Classic Iced Chocolate-Lrg",1.00,1.00,180.950,180.95,0.00,180.95,9.05,190.00,0,
"MSFT Hyd","2025-07-25","POS","TAKEAWAY","234","BEVERAGES","ADDON","Choice of Beans","Master Blend - (Default)",9.00,9.00,0.000,0.00,0.00,0.00,0.00,0.00,0,
"MSFT Hyd","2025-07-25","POS","TAKEAWAY","118","BEVERAGES","Hot Beverages","Hot Chocolate","Classic Strawberry Hot Chocolate-Med",2.00,2.00,180.950,361.90,0.00,361.90,18.10,380.00,0,
"MSFT Hyd","2025-07-25","POS","TAKEAWAY","2","BEVERAGES","Cold Beverages","Cold Brews","Iced Latte Signature-Med",9.00,9.00,123.810,1114.29,0.00,1114.29,55.71,1170.00,0,
"MSFT Hyd","2025-07-25","POS","TAKEAWAY","49","BEVERAGES","Cold Beverages","Island Special-Cold","Freddo Cappuccino-Med",1.00,1.00,161.900,161.90,0.00,161.90,8.10,170.00,0,
"MSFT Hyd","2025-07-25","POS","TAKEAWAY","333","BEVERAGES","ADDON","Choice of Milk","Regular - Milk -100g Default",1.00,1.00,0.000,0.00,0.00,0.00,0.00,0.00,0,
"MSFT Hyd","2025-07-25","POS","TAKEAWAY","65","BEVERAGES","Cold Beverages","Proffees (Protein + Coffee)","Caremel Proffee (Protein + Coffee)",1.00,1.00,209.520,209.52,0.00,209.52,10.48,220.00,0,
"MSFT Hyd","2025-07-25","POS","TAKEAWAY","132","BEVERAGES","Hot Beverages","Hot Tea","Morning Breakfast Tea",1.00,1.00,161.900,161.90,0.00,161.90,8.10,170.00,0,
"MSFT Hyd","2025-07-25","POS","TAKEAWAY","209","FOOD","Desserts","Gelato","Dark Chocolate SSC Single Scoop",6.00,6.00,94.290,565.74,0.00,565.74,28.26,594.00,0,
"MSFT Hyd","2025-07-25","POS","TAKEAWAY","15","BEVERAGES","Cold Beverages","Cold Brews","Iced Americano-Med",1.00,1.00,152.380,152.38,0.00,152.38,7.62,160.00,0,
"MSFT Hyd","2025-07-25","POS","TAKEAWAY","32","BEVERAGES","Cold Beverages","Iced Chocolate","Guilt-Free Iced Chocolate-Lrg",4.00,4.00,180.950,723.80,0.00,723.80,36.20,760.00,0,
"MSFT Hyd","2025-07-25","POS","TAKEAWAY","94","BEVERAGES","Hot Beverages","Hot Brews","Flat White",1.00,1.00,161.900,161.90,0.00,161.90,8.10,170.00,0,
"MSFT Hyd","2025-07-25","POS","TAKEAWAY","196","FOOD","Desserts","Gelato","Belgian Chocolate Singal Scoop",5.00,5.00,94.290,471.45,0.00,471.45,23.55,495.00,0,
"MSFT Hyd","2025-07-25","POS","TAKEAWAY","170","FOOD","Main Course","Hand Made Sandwiches","Roasted Tomato & Bocconcini Croissant",3.00,3.00,241.280,723.84,0.00,723.84,36.18,760.02,0,
"MSFT Hyd","2025-07-25","POS","TAKEAWAY","56","BEVERAGES","Cold Beverages","Milk Shake","Berry Burst Paradise Milkshake-Med",1.00,1.00,180.950,180.95,0.00,180.95,9.05,190.00,0,
"MSFT Hyd","2025-07-25","POS","TAKEAWAY","35","BEVERAGES","Cold Beverages","Iced Chocolate","Classic Strawberry Iced Chocolate-Lrg",1.00,1.00,180.950,180.95,0.00,180.95,9.05,190.00,0,
"MSFT Hyd","2025-07-25","POS","TAKEAWAY","8","BEVERAGES","Cold Beverages","Cold Brews","Gelato Affagato",2.00,2.00,200.000,400.00,0.00,400.00,20.00,420.00,0,
"MSFT Hyd","2025-07-25","POS","TAKEAWAY","177","FOOD","Main Course","Pizza","Chipotle Chicken Mozzarella Pide",3.00,3.00,240.950,722.85,0.00,722.85,36.15,759.00,0,
"MSFT Hyd","2025-07-25","POS","TAKEAWAY","33","BEVERAGES","Cold Beverages","Iced Chocolate","Guilt-Free Iced Chocolate-Med",1.00,1.00,161.900,161.90,0.00,161.90,8.10,170.00,0,
"MSFT Hyd","2025-07-25","POS","TAKEAWAY","10","BEVERAGES","Cold Beverages","Cold Brews","Islander Cold Coffee-Lrg",35.00,35.00,180.950,6333.25,0.00,6333.25,316.75,6650.00,0,
"MSFT Hyd","2025-07-25","POS","TAKEAWAY","151","BEVERAGES","ADDON","Choice of Milk","Oat Milk @50",4.00,4.00,50.000,200.00,0.00,200.00,10.00,210.00,0,
"MSFT Hyd","2025-07-25","POS","TAKEAWAY","99","BEVERAGES","Hot Beverages","Hot Brews","Americano-reg",5.00,5.00,133.330,666.65,0.00,666.65,33.35,700.00,0,
"MSFT Hyd","2025-07-25","POS","TAKEAWAY","110","BEVERAGES","Hot Beverages","Hot Brews","Machiato (Single)",2.00,2.00,133.330,266.66,0.00,266.66,13.34,280.00,0,
"MSFT Hyd","2025-07-25","POS","TAKEAWAY","212","FOOD","Quick Bites","Croissant Cookie & Muffin","French Butter Croissant",10.00,10.00,99.482,994.82,0.00,994.82,49.72,1044.54,0,
"MSFT Hyd","2025-07-25","POS","TAKEAWAY","340","BEVERAGES","ADDON","Choice of Milk","Regular - Milk -170g Default",18.00,18.00,0.000,0.00,0.00,0.00,0.00,0.00,0,
"MSFT Hyd","2025-07-25","POS","TAKEAWAY","221","FOOD","Quick Bites","Puff & Toastie","Chipotle Paneer Bhurji & Broccomole Toastie",2.00,2.00,241.280,482.56,0.00,482.56,24.12,506.68,0,
"MSFT Hyd","2025-07-25","POS","TAKEAWAY","337","BEVERAGES","ADDON","Choice of Milk","Regular - Milk -140g Default",9.00,9.00,0.000,0.00,0.00,0.00,0.00,0.00,0,
"MSFT Hyd","2025-07-25","POS","TAKEAWAY","78","BEVERAGES","Cold Beverages","Refresh","Bobastic Peach Paradise Refresh Tea-Med",2.00,2.00,180.950,361.90,0.00,361.90,18.10,380.00,0,
"MSFT Hyd","2025-07-25","POS","TAKEAWAY","137","BEVERAGES","ADDON","Choice of Beans","Volcano Blend@0",1.00,1.00,0.000,0.00,0.00,0.00,0.00,0.00,0,
"MSFT Hyd","2025-07-25","POS","TAKEAWAY","24","BEVERAGES","Cold Beverages","Granita","Slushed Peach Paradise Granita-Lrg",1.00,1.00,180.950,180.95,0.00,180.95,9.05,190.00,0,
"MSFT Hyd","2025-07-25","POS","TAKEAWAY","116","BEVERAGES","Hot Beverages","Hot Chocolate","Signature Belgian Dark Hot Chocolate-Med",12.00,12.00,180.950,2171.40,0.00,2171.40,108.60,2280.00,0,
"MSFT Hyd","2025-07-25","POS","TAKEAWAY","343","BEVERAGES","ADDON","Choice of Milk","Regular - Milk -210g Default",2.00,2.00,0.000,0.00,0.00,0.00,0.00,0.00,0,
"MSFT Hyd","2025-07-25","POS","TAKEAWAY","205","FOOD","Desserts","Gelato","French Vanilla Single Scoop",5.00,5.00,94.290,471.45,0.00,471.45,23.55,495.00,0,
"MSFT Hyd","2025-07-25","POS","TAKEAWAY","61","BEVERAGES","Cold Beverages","Overnight Brew","Overnite Espresso Vietnamese Brew",3.00,3.00,209.520,628.56,0.00,628.56,31.44,660.00,0,
"MSFT Hyd","2025-07-25","POS","TAKEAWAY","150","BEVERAGES","ADDON","Choice of Milk","Almond Milk @50",1.00,1.00,50.000,50.00,0.00,50.00,2.50,52.50,0,
"MSFT Hyd","2025-07-25","POS","TAKEAWAY","339","BEVERAGES","ADDON","Choice of Milk","Regular - Milk -160g Default",15.00,15.00,0.000,0.00,0.00,0.00,0.00,0.00,0,
"MSFT Hyd","2025-07-25","POS","TAKEAWAY","53","BEVERAGES","Cold Beverages","Milk Shake","Double Chocolate Indulgent Milkshake-Lrg",2.00,2.00,200.000,400.00,0.00,400.00,20.00,420.00,0,
"MSFT Hyd","2025-07-25","POS","TAKEAWAY","140","BEVERAGES","ADDON","Choice of Beans","Ethiopia Blend @25",2.00,2.00,25.000,50.00,0.00,50.00,2.50,52.50,0,
"MSFT Hyd","2025-07-25","POS","TAKEAWAY","146","BEVERAGES","ADDON","Choice of Beans","Ethiopia Single Estate 20g@Default",3.00,3.00,0.000,0.00,0.00,0.00,0.00,0.00,0,
"MSFT Hyd","2025-07-25","POS","TAKEAWAY","100","BEVERAGES","Hot Beverages","Hot Brews","Americano-Med",3.00,3.00,152.380,457.14,0.00,457.14,22.86,480.00,0,
"MSFT Hyd","2025-07-25","POS","TAKEAWAY","42","BEVERAGES","Cold Beverages","Island Special-Cold","Freddo Espresso Ristretto-Med",2.00,2.00,180.950,361.90,0.00,361.90,18.10,380.00,0,
"MSFT Hyd","2025-07-25","POS","TAKEAWAY","187","FOOD","Desserts","Desserts","Nolen Gur Banofee Jar",2.00,2.00,241.280,482.56,0.00,482.56,24.12,506.68,0,
"MSFT Hyd","2025-07-25","POS","TAKEAWAY","63","BEVERAGES","Cold Beverages","Proffees (Protein + Coffee)","Cookie & Cream Proffee (Protein + Coffee)",1.00,1.00,209.520,209.52,0.00,209.52,10.48,220.00,0,
"MSFT Hyd","2025-07-25","POS","TAKEAWAY","344","BEVERAGES","ADDON","Choice of Milk","Regular - Milk -220g Default",35.00,35.00,0.000,0.00,0.00,0.00,0.00,0.00,0,
"MSFT Hyd","2025-07-25","POS","TAKEAWAY","190","FOOD","Desserts","Desserts","Pecan & Date Tea Cake",5.00,5.00,190.480,952.40,0.00,952.40,47.60,1000.00,0,
"MSFT Hyd","2025-07-25","POS","TAKEAWAY","183","FOOD","Main Course","Wholesome Wrap","Sriracha Chicken & Avocado Wrap",2.00,2.00,241.280,482.56,0.00,482.56,24.12,506.68,0,
"MSFT Hyd","2025-07-25","POS","TAKEAWAY","11","BEVERAGES","Cold Beverages","Cold Brews","Islander Cold Coffee-Med",7.00,7.00,171.430,1200.01,0.00,1200.01,59.99,1260.00,0,
"MSFT Hyd","2025-07-25","POS","TAKEAWAY","124","BEVERAGES","Hot Beverages","Hot Chocolate","Hazelnut Indulgent Hot Chocolate-Reg",2.00,2.00,161.900,323.80,0.00,323.80,16.20,340.00,0,
"MSFT Hyd","2025-07-25","POS","TAKEAWAY","213","FOOD","Quick Bites","Croissant Cookie & Muffin","Sea Salt Caramel Brookie",3.00,3.00,140.330,420.99,0.00,420.99,21.06,442.05,0,
"MSFT Hyd","2025-07-25","POS","TAKEAWAY","136","BEVERAGES","Hot Beverages","Island Special-Hot","Spanish Bombon (Small)",1.00,1.00,209.520,209.52,0.00,209.52,10.48,220.00,0,
"MSFT Hyd","2025-07-25","POS","TAKEAWAY","217","FOOD","Quick Bites","Puff & Toastie","Korean Garlic Mushroom Puff",2.00,2.00,99.485,198.97,0.00,198.97,9.95,208.92,0,
"MSFT Hyd","2025-07-25","POS","TAKEAWAY","105","BEVERAGES","Hot Beverages","Hot Brews","Cappuccino-Med",12.00,12.00,171.430,2057.16,0.00,2057.16,102.84,2160.00,0,
"MSFT Hyd","2025-07-25","POS","TAKEAWAY","90","BEVERAGES","Hot Beverages","Hot Brews","Cortardo (Small)",1.00,1.00,152.380,152.38,0.00,152.38,7.62,160.00,0,
"MSFT Hyd","2025-07-25","POS","TAKEAWAY","45","BEVERAGES","Cold Beverages","Island Special-Cold","Mocha Espressione Cold-Med",1.00,1.00,180.950,180.95,0.00,180.95,9.05,190.00,0,
"MSFT Hyd","2025-07-25","POS","TAKEAWAY","50","BEVERAGES","Cold Beverages","Island Special-Cold","Iced Vietneamese Shakerato",4.00,4.00,209.520,838.08,0.00,838.08,41.92,880.00,0,
"MSFT Hyd","2025-07-25","POS","TAKEAWAY","210","FOOD","Quick Bites","Croissant Cookie & Muffin","Parker House Cream Pie Croissant",3.00,3.00,140.330,420.99,0.00,420.99,21.06,442.05,0,
"MSFT Hyd","2025-07-25","POS","TAKEAWAY","220","FOOD","Quick Bites","Puff & Toastie","Herb Chicken Open Puff",2.00,2.00,140.330,280.66,0.00,280.66,14.04,294.70,0,
"MSFT Hyd","2025-07-25","POS","TAKEAWAY","215","FOOD","Quick Bites","Croissant Cookie & Muffin","Rocky Road & Pecan Muffin",2.00,2.00,190.480,380.96,0.00,380.96,19.04,400.00,0,
"MSFT Hyd","2025-07-25","POS","TAKEAWAY","122","BEVERAGES","Hot Beverages","Hot Chocolate","Guilt-Free Hot Chocolate-Reg",4.00,4.00,161.900,647.60,0.00,647.60,32.40,680.00,0,
"MSFT Hyd","2025-07-25","POS","TAKEAWAY","235","BEVERAGES","ADDON","Choice of Beans","Volcano Blend - (Default)",107.00,107.00,0.000,0.00,0.00,0.00,0.00,0.00,0,
"MSFT Hyd","2025-07-25","POS","TAKEAWAY","3","BEVERAGES","Cold Beverages","Cold Brews","Iced Latte Signature-Lrg",4.00,4.00,142.860,571.44,0.00,571.44,28.56,600.00,0,
"MSFT Hyd","2025-07-25","POS","TAKEAWAY","130","BEVERAGES","Hot Beverages","Hot Tea","Indian Masala Tea",1.00,1.00,161.900,161.90,0.00,161.90,8.10,170.00,0,
"MSFT Hyd","2025-07-25","POS","TAKEAWAY","39","BEVERAGES","Cold Beverages","Iced Chocolate","Dreamy Hazelnut Iced Chocolate-Med",2.00,2.00,161.900,323.80,0.00,323.80,16.20,340.00,0,
"MSFT Hyd","2025-07-25","POS","TAKEAWAY","211","FOOD","Quick Bites","Croissant Cookie & Muffin","Double Choco Chunk Cookie",4.00,4.00,99.480,397.92,0.00,397.92,19.88,417.80,0,
"MSFT Hyd","2025-07-28","POS","DINE IN","355","NA","Cold Beverages","Food Sampling for Microsoft/Compass","Volcano Blend@54g",1.00,1.00,0.000,0.00,0.00,0.00,0.00,0.00,0,
"MSFT Hyd","2025-07-28","POS","DINE IN","353","EMP MEAL","Emp Meal","Emp Meal","Emp Meal",4.00,4.00,0.000,0.00,0.00,0.00,0.00,0.00,0,
"MSFT Hyd","2025-07-28","POS","DINE IN","354","NA","Cold Beverages","Food Sampling for Microsoft/Compass","Master Blend",1.00,1.00,0.000,0.00,0.00,0.00,0.00,0.00,0,
"MSFT Hyd","2025-07-28","POS","DINE IN","356","NA","Cold Beverages","Food Sampling for Microsoft/Compass","Regular Milk @160ML",1.00,1.00,0.000,0.00,0.00,0.00,0.00,0.00,0,
"MSFT Hyd","2025-07-28","POS","TAKEAWAY","135","BEVERAGES","Hot Beverages","Island Special-Hot","Mocha Espressione Hot-reg",7.00,7.00,180.950,1266.65,0.00,1266.65,63.35,1330.00,0,
"MSFT Hyd","2025-07-28","POS","TAKEAWAY","151","BEVERAGES","ADDON","Choice of Milk","Oat Milk @50",4.00,4.00,50.000,200.00,0.00,200.00,10.00,210.00,0,
"MSFT Hyd","2025-07-28","POS","TAKEAWAY","56","BEVERAGES","Cold Beverages","Milk Shake","Berry Burst Paradise Milkshake-Med",1.00,1.00,180.950,180.95,0.00,180.95,9.05,190.00,0,
"MSFT Hyd","2025-07-28","POS","TAKEAWAY","3","BEVERAGES","Cold Beverages","Cold Brews","Iced Latte Signature-Lrg",1.00,1.00,142.860,142.86,0.00,142.86,7.14,150.00,0,
"MSFT Hyd","2025-07-28","POS","TAKEAWAY","50","BEVERAGES","Cold Beverages","Island Special-Cold","Iced Vietneamese Shakerato",2.00,2.00,209.520,419.04,0.00,419.04,20.96,440.00,0,
"MSFT Hyd","2025-07-28","POS","TAKEAWAY","97","BEVERAGES","Hot Beverages","Hot Brews","Hot Latte Signature-reg",5.00,5.00,152.380,761.90,0.00,761.90,38.10,800.00,0,
"MSFT Hyd","2025-07-28","POS","TAKEAWAY","344","BEVERAGES","ADDON","Choice of Milk","Regular - Milk -220g Default",14.00,14.00,0.000,0.00,0.00,0.00,0.00,0.00,0,
"MSFT Hyd","2025-07-28","POS","TAKEAWAY","105","BEVERAGES","Hot Beverages","Hot Brews","Cappuccino-Med",6.00,6.00,171.430,1028.58,0.00,1028.58,51.42,1080.00,0,
"MSFT Hyd","2025-07-28","POS","TAKEAWAY","235","BEVERAGES","ADDON","Choice of Beans","Volcano Blend - (Default)",74.00,74.00,0.000,0.00,0.00,0.00,0.00,0.00,0,
"MSFT Hyd","2025-07-28","POS","TAKEAWAY","32","BEVERAGES","Cold Beverages","Iced Chocolate","Guilt-Free Iced Chocolate-Lrg",2.00,2.00,180.950,361.90,0.00,361.90,18.10,380.00,0,
"MSFT Hyd","2025-07-28","POS","TAKEAWAY","217","FOOD","Quick Bites","Puff & Toastie","Korean Garlic Mushroom Puff",5.00,5.00,99.484,497.42,0.00,497.42,24.87,522.29,0,
"MSFT Hyd","2025-07-28","POS","TAKEAWAY","221","FOOD","Quick Bites","Puff & Toastie","Chipotle Paneer Bhurji & Broccomole Toastie",1.00,1.00,241.280,241.28,0.00,241.28,12.06,253.34,0,
"MSFT Hyd","2025-07-28","POS","TAKEAWAY","100","BEVERAGES","Hot Beverages","Hot Brews","Americano-Med",4.00,4.00,152.380,609.52,0.00,609.52,30.48,640.00,0,
"MSFT Hyd","2025-07-28","POS","TAKEAWAY","338","BEVERAGES","ADDON","Choice of Milk","Regular - Milk -150g Default",4.00,4.00,0.000,0.00,0.00,0.00,0.00,0.00,0,
"MSFT Hyd","2025-07-28","POS","TAKEAWAY","211","FOOD","Quick Bites","Croissant Cookie & Muffin","Double Choco Chunk Cookie",3.00,3.00,99.480,298.44,0.00,298.44,14.91,313.35,0,
"MSFT Hyd","2025-07-28","POS","TAKEAWAY","220","FOOD","Quick Bites","Puff & Toastie","Herb Chicken Open Puff",1.00,1.00,140.330,140.33,0.00,140.33,7.02,147.35,0,
"MSFT Hyd","2025-07-28","POS","TAKEAWAY","340","BEVERAGES","ADDON","Choice of Milk","Regular - Milk -170g Default",9.00,9.00,0.000,0.00,0.00,0.00,0.00,0.00,0,
"MSFT Hyd","2025-07-28","POS","TAKEAWAY","61","BEVERAGES","Cold Beverages","Overnight Brew","Overnite Espresso Vietnamese Brew",4.00,4.00,209.520,838.08,0.00,838.08,41.92,880.00,0,
"MSFT Hyd","2025-07-28","POS","TAKEAWAY","219","FOOD","Quick Bites","Puff & Toastie","Peri Peri Cheese Toastie",4.00,4.00,190.480,761.92,0.00,761.92,38.08,800.00,0,
"MSFT Hyd","2025-07-28","POS","TAKEAWAY","332","BEVERAGES","ADDON","Choice of Milk","Regular - Milk -90g Default",4.00,4.00,0.000,0.00,0.00,0.00,0.00,0.00,0,
"MSFT Hyd","2025-07-28","POS","TAKEAWAY","96","BEVERAGES","Hot Beverages","Hot Brews","Hot Latte Signature-Med",2.00,2.00,171.430,342.86,0.00,342.86,17.14,360.00,0,
"MSFT Hyd","2025-07-28","POS","TAKEAWAY","136","BEVERAGES","Hot Beverages","Island Special-Hot","Spanish Bombon (Small)",1.00,1.00,209.520,209.52,0.00,209.52,10.48,220.00,0,
"MSFT Hyd","2025-07-28","POS","TAKEAWAY","205","FOOD","Desserts","Gelato","French Vanilla Single Scoop",1.00,1.00,94.290,94.29,0.00,94.29,4.71,99.00,0,
"MSFT Hyd","2025-07-28","POS","TAKEAWAY","15","BEVERAGES","Cold Beverages","Cold Brews","Iced Americano-Med",2.00,2.00,152.380,304.76,0.00,304.76,15.24,320.00,0,
"MSFT Hyd","2025-07-28","POS","TAKEAWAY","212","FOOD","Quick Bites","Croissant Cookie & Muffin","French Butter Croissant",5.00,5.00,99.482,497.41,0.00,497.41,24.86,522.27,0,
"MSFT Hyd","2025-07-28","POS","TAKEAWAY","119","BEVERAGES","Hot Beverages","Hot Chocolate","Classic Strawberry Hot Chocolate-reg",1.00,1.00,161.900,161.90,0.00,161.90,8.10,170.00,0,
"MSFT Hyd","2025-07-28","POS","TAKEAWAY","213","FOOD","Quick Bites","Croissant Cookie & Muffin","Sea Salt Caramel Brookie",3.00,3.00,140.330,420.99,0.00,420.99,21.06,442.05,0,
"MSFT Hyd","2025-07-28","POS","TAKEAWAY","185","FOOD","Desserts","Desserts","Cold Brew Tiramisu",3.00,3.00,241.280,723.84,0.00,723.84,36.18,760.02,0,
"MSFT Hyd","2025-07-28","POS","TAKEAWAY","130","BEVERAGES","Hot Beverages","Hot Tea","Indian Masala Tea",1.00,1.00,161.900,161.90,0.00,161.90,8.10,170.00,0,
"MSFT Hyd","2025-07-28","POS","TAKEAWAY","45","BEVERAGES","Cold Beverages","Island Special-Cold","Mocha Espressione Cold-Med",2.00,2.00,180.950,361.90,0.00,361.90,18.10,380.00,0,
"MSFT Hyd","2025-07-28","POS","TAKEAWAY","70","BEVERAGES","Cold Beverages","Refresh","Iced Classic Lemon Tea-Med",1.00,1.00,123.810,123.81,0.00,123.81,6.19,130.00,0,
"MSFT Hyd","2025-07-28","POS","TAKEAWAY","10","BEVERAGES","Cold Beverages","Cold Brews","Islander Cold Coffee-Lrg",24.00,24.00,180.950,4342.80,0.00,4342.80,217.20,4560.00,0,
"MSFT Hyd","2025-07-28","POS","TAKEAWAY","337","BEVERAGES","ADDON","Choice of Milk","Regular - Milk -140g Default",7.00,7.00,0.000,0.00,0.00,0.00,0.00,0.00,0,
"MSFT Hyd","2025-07-28","POS","TAKEAWAY","63","BEVERAGES","Cold Beverages","Proffees (Protein + Coffee)","Cookie & Cream Proffee (Protein + Coffee)",4.00,4.00,209.520,838.08,0.00,838.08,41.92,880.00,0,
"MSFT Hyd","2025-07-28","POS","TAKEAWAY","99","BEVERAGES","Hot Beverages","Hot Brews","Americano-reg",5.00,5.00,133.330,666.65,0.00,666.65,33.35,700.00,0,
"MSFT Hyd","2025-07-28","POS","TAKEAWAY","191","FOOD","Desserts","Desserts","Berry & Honey Yogurt Jar",1.00,1.00,241.280,241.28,0.00,241.28,12.06,253.34,0,
"MSFT Hyd","2025-07-28","POS","TAKEAWAY","170","FOOD","Main Course","Hand Made Sandwiches","Roasted Tomato & Bocconcini Croissant",2.00,2.00,241.280,482.56,0.00,482.56,24.12,506.68,0,
"MSFT Hyd","2025-07-28","POS","TAKEAWAY","38","BEVERAGES","Cold Beverages","Iced Chocolate","Dreamy Hazelnut Iced Chocolate-Lrg",1.00,1.00,180.950,180.95,0.00,180.95,9.05,190.00,0,
"MSFT Hyd","2025-07-28","POS","TAKEAWAY","186","FOOD","Desserts","Desserts","Belgian Chocolate Fudge Brownie",8.00,8.00,99.480,795.84,0.00,795.84,39.76,835.60,0,
"MSFT Hyd","2025-07-28","POS","TAKEAWAY","65","BEVERAGES","Cold Beverages","Proffees (Protein + Coffee)","Caremel Proffee (Protein + Coffee)",2.00,2.00,209.520,419.04,0.00,419.04,20.96,440.00,0,
"MSFT Hyd","2025-07-28","POS","TAKEAWAY","134","BEVERAGES","Hot Beverages","Island Special-Hot","Mocha Espressione Hot-Med",2.00,2.00,200.000,400.00,0.00,400.00,20.00,420.00,0,
"MSFT Hyd","2025-07-28","POS","TAKEAWAY","165","BEVERAGES","ADDON","Choice of Syrup","Irish Syrup @50",1.00,1.00,25.000,25.00,0.00,25.00,1.25,26.25,0,
"MSFT Hyd","2025-07-28","POS","TAKEAWAY","234","BEVERAGES","ADDON","Choice of Beans","Master Blend - (Default)",14.00,14.00,0.000,0.00,0.00,0.00,0.00,0.00,0,
"MSFT Hyd","2025-07-28","POS","TAKEAWAY","184","FOOD","Main Course","Wholesome Wrap","Smoked Cottage Cheese Wrap",1.00,1.00,241.280,241.28,0.00,241.28,12.06,253.34,0,
"MSFT Hyd","2025-07-28","POS","TAKEAWAY","106","BEVERAGES","Hot Beverages","Hot Brews","Cappuccino-reg",9.00,9.00,152.380,1371.42,0.00,1371.42,68.58,1440.00,0,
"MSFT Hyd","2025-07-28","POS","TAKEAWAY","90","BEVERAGES","Hot Beverages","Hot Brews","Cortardo (Small)",1.00,1.00,152.380,152.38,0.00,152.38,7.62,160.00,0,
"MSFT Hyd","2025-07-28","POS","TAKEAWAY","200","FOOD","Desserts","Gelato","Mango Sorbet Singal Scoop",2.00,2.00,94.290,188.58,0.00,188.58,9.42,198.00,0,
"MSFT Hyd","2025-07-28","POS","TAKEAWAY","49","BEVERAGES","Cold Beverages","Island Special-Cold","Freddo Cappuccino-Med",1.00,1.00,161.900,161.90,0.00,161.90,8.10,170.00,0,
"MSFT Hyd","2025-07-28","POS","TAKEAWAY","94","BEVERAGES","Hot Beverages","Hot Brews","Flat White",1.00,1.00,161.900,161.90,0.00,161.90,8.10,170.00,0,
"MSFT Hyd","2025-07-28","POS","TAKEAWAY","333","BEVERAGES","ADDON","Choice of Milk","Regular - Milk -100g Default",2.00,2.00,0.000,0.00,0.00,0.00,0.00,0.00,0,
"MSFT Hyd","2025-07-28","POS","TAKEAWAY","41","BEVERAGES","Cold Beverages","Island Special-Cold","Freddo Espresso Ristretto-Lrg",1.00,1.00,200.000,200.00,0.00,200.00,10.00,210.00,0,
"MSFT Hyd","2025-07-28","POS","TAKEAWAY","122","BEVERAGES","Hot Beverages","Hot Chocolate","Guilt-Free Hot Chocolate-Reg",2.00,2.00,161.900,323.80,0.00,323.80,16.20,340.00,0,
"MSFT Hyd","2025-07-28","POS","TAKEAWAY","341","BEVERAGES","ADDON","Choice of Milk","Regular - Milk -180g Default",2.00,2.00,0.000,0.00,0.00,0.00,0.00,0.00,0,
"MSFT Hyd","2025-07-28","POS","TAKEAWAY","167","BEVERAGES","ADDON","Choice of Syrup","Salted Caramel Syrup @50",2.00,2.00,25.000,50.00,0.00,50.00,2.50,52.50,0,
"MSFT Hyd","2025-07-28","POS","TAKEAWAY","166","BEVERAGES","ADDON","Choice of Syrup","Hazelnut Syrup @50",3.00,3.00,25.000,75.00,0.00,75.00,3.75,78.75,0,
"MSFT Hyd","2025-07-28","POS","TAKEAWAY","110","BEVERAGES","Hot Beverages","Hot Brews","Machiato (Single)",1.00,1.00,133.330,133.33,0.00,133.33,6.67,140.00,0,
"MSFT Hyd","2025-07-28","POS","TAKEAWAY","237","BEVERAGES","ADDON","Choice of Crema","Salted Caramel Crema - 0  (Default)",4.00,4.00,0.000,0.00,0.00,0.00,0.00,0.00,0,
"MSFT Hyd","2025-07-28","POS","TAKEAWAY","214","FOOD","Quick Bites","Croissant Cookie & Muffin","Oats & Honey Delight Muffin",1.00,1.00,190.480,190.48,0.00,190.48,9.52,200.00,0,
"MSFT Hyd","2025-07-28","POS","TAKEAWAY","188","FOOD","Desserts","Desserts","Cinnamon & Jaggery Tea Cake",4.00,4.00,140.330,561.32,0.00,561.32,28.08,589.40,0,
"MSFT Hyd","2025-07-28","POS","TAKEAWAY","216","FOOD","Quick Bites","Croissant Cookie & Muffin","White Chocolate & Pistachio Flat Croissant",4.00,4.00,140.330,561.32,0.00,561.32,28.08,589.40,0,
"MSFT Hyd","2025-07-28","POS","TAKEAWAY","30","BEVERAGES","Cold Beverages","Iced Chocolate","Classic Iced Chocolate-Med",1.00,1.00,161.900,161.90,0.00,161.90,8.10,170.00,0,
"MSFT Hyd","2025-07-28","POS","TAKEAWAY","174","FOOD","Main Course","Hand Made Sandwiches","Garlic Mushroom & Caramelized Onion Melt",2.00,2.00,241.280,482.56,0.00,482.56,24.12,506.68,0,
"MSFT Hyd","2025-07-28","POS","TAKEAWAY","2","BEVERAGES","Cold Beverages","Cold Brews","Iced Latte Signature-Med",5.00,5.00,123.810,619.05,0.00,619.05,30.95,650.00,0,
"MSFT Hyd","2025-07-28","POS","TAKEAWAY","339","BEVERAGES","ADDON","Choice of Milk","Regular - Milk -160g Default",5.00,5.00,0.000,0.00,0.00,0.00,0.00,0.00,0,
"MSFT Hyd","2025-07-28","POS","TAKEAWAY","335","BEVERAGES","ADDON","Choice of Milk","Regular - Milk -120g Default",1.00,1.00,0.000,0.00,0.00,0.00,0.00,0.00,0,
"MSFT Hyd","2025-07-28","POS","TAKEAWAY","116","BEVERAGES","Hot Beverages","Hot Chocolate","Signature Belgian Dark Hot Chocolate-Med",7.00,7.00,180.950,1266.65,0.00,1266.65,63.35,1330.00,0,
"MSFT Hyd","2025-07-28","POS","TAKEAWAY","48","BEVERAGES","Cold Beverages","Island Special-Cold","Freddo Cappuccino-Lrg",2.00,2.00,180.950,361.90,0.00,361.90,18.10,380.00,0,
"MSFT Hyd","2025-07-28","POS","TAKEAWAY","190","FOOD","Desserts","Desserts","Pecan & Date Tea Cake",4.00,4.00,190.480,761.92,0.00,761.92,38.08,800.00,0,
"MSFT Hyd","2025-07-28","POS","TAKEAWAY","11","BEVERAGES","Cold Beverages","Cold Brews","Islander Cold Coffee-Med",4.00,4.00,171.430,685.72,0.00,685.72,34.28,720.00,0,
"MSFT Hyd","2025-07-28","POS","TAKEAWAY","6","BEVERAGES","Cold Beverages","Cold Brews","Bobastic Coffeeccino-Med",4.00,4.00,180.950,723.80,0.00,723.80,36.20,760.00,0,
"MSFT Hyd","2025-07-28","POS","TAKEAWAY","209","FOOD","Desserts","Gelato","Dark Chocolate SSC Single Scoop",2.00,2.00,94.290,188.58,0.00,188.58,9.42,198.00,0,
"MSFT Hyd","2025-07-28","POS","TAKEAWAY","215","FOOD","Quick Bites","Croissant Cookie & Muffin","Rocky Road & Pecan Muffin",1.00,1.00,190.480,190.48,0.00,190.48,9.52,200.00,0,
"MSFT Hyd","2025-07-28","POS","TAKEAWAY","342","BEVERAGES","ADDON","Choice of Milk","Regular - Milk -200g Default",5.00,5.00,0.000,0.00,0.00,0.00,0.00,0.00,0,
"MSFT Hyd","2025-07-28","POS","TAKEAWAY","129","BEVERAGES","Hot Beverages","Hot Tea","Chamomile Sunset Classic Tea",1.00,1.00,161.900,161.90,0.00,161.90,8.10,170.00,0,
"MSFT Hyd","2025-07-28","POS","TAKEAWAY","39","BEVERAGES","Cold Beverages","Iced Chocolate","Dreamy Hazelnut Iced Chocolate-Med",1.00,1.00,161.900,161.90,0.00,161.90,8.10,170.00,0,
"MSFT Hyd","2025-07-28","POS","TAKEAWAY","210","FOOD","Quick Bites","Croissant Cookie & Muffin","Parker House Cream Pie Croissant",1.00,1.00,140.330,140.33,0.00,140.33,7.02,147.35,0,
"MSFT Hyd","2025-07-28","POS","TAKEAWAY","115","BEVERAGES","Hot Beverages","Hot Chocolate","Signature Belgian Dark Hot Chocolate-reg",1.00,1.00,161.900,161.90,0.00,161.90,8.10,170.00,0,
"MSFT Hyd","2025-07-28","POS","TAKEAWAY","121","BEVERAGES","Hot Beverages","Hot Chocolate","Guilt-Free Hot Chocolate-Med",2.00,2.00,180.950,361.90,0.00,361.90,18.10,380.00,0,
"MSFT Hyd","2025-07-28","POS","TAKEAWAY","336","BEVERAGES","ADDON","Choice of Milk","Regular - Milk -130g Default",10.00,10.00,0.000,0.00,0.00,0.00,0.00,0.00,0,
"MSFT Hyd","2025-07-28","POS","TAKEAWAY","196","FOOD","Desserts","Gelato","Belgian Chocolate Singal Scoop",3.00,3.00,94.290,282.87,0.00,282.87,14.13,297.00,0,
"MSFT Hyd","2025-07-28","POS","TAKEAWAY","125","BEVERAGES","Hot Beverages","Hot Chocolate","Hazelnut Indulgent Hot Chocolate-Med",3.00,3.00,180.950,542.85,0.00,542.85,27.15,570.00,0,
"MSFT Hyd","2025-07-28","POS","TAKEAWAY","64","BEVERAGES","Cold Beverages","Proffees (Protein + Coffee)","Espresso Proffee (Protein + Coffee)",1.00,1.00,209.520,209.52,0.00,209.52,10.48,220.00,0,
"MSFT Hyd","2025-07-29","POS","DINE IN","355","NA","Cold Beverages","Food Sampling for Microsoft/Compass","Volcano Blend@54g",1.00,1.00,0.000,0.00,0.00,0.00,0.00,0.00,0,
"MSFT Hyd","2025-07-29","POS","DINE IN","356","NA","Cold Beverages","Food Sampling for Microsoft/Compass","Regular Milk @160ML",1.00,1.00,0.000,0.00,0.00,0.00,0.00,0.00,0,
"MSFT Hyd","2025-07-29","POS","DINE IN","354","NA","Cold Beverages","Food Sampling for Microsoft/Compass","Master Blend",1.00,1.00,0.000,0.00,0.00,0.00,0.00,0.00,0,
"MSFT Hyd","2025-07-29","POS","DINE IN","353","EMP MEAL","Emp Meal","Emp Meal","Emp Meal",9.00,9.00,0.000,0.00,0.00,0.00,0.00,0.00,0,
"MSFT Hyd","2025-07-29","POS","TAKEAWAY","56","BEVERAGES","Cold Beverages","Milk Shake","Berry Burst Paradise Milkshake-Med",1.00,1.00,180.950,180.95,0.00,180.95,9.05,190.00,0,
"MSFT Hyd","2025-07-29","POS","TAKEAWAY","237","BEVERAGES","ADDON","Choice of Crema","Salted Caramel Crema - 0  (Default)",8.00,8.00,0.000,0.00,0.00,0.00,0.00,0.00,0,
"MSFT Hyd","2025-07-29","POS","TAKEAWAY","122","BEVERAGES","Hot Beverages","Hot Chocolate","Guilt-Free Hot Chocolate-Reg",1.00,1.00,161.900,161.90,0.00,161.90,8.10,170.00,0,
"MSFT Hyd","2025-07-29","POS","TAKEAWAY","100","BEVERAGES","Hot Beverages","Hot Brews","Americano-Med",3.00,3.00,152.380,457.14,0.00,457.14,22.86,480.00,0,
"MSFT Hyd","2025-07-29","POS","TAKEAWAY","48","BEVERAGES","Cold Beverages","Island Special-Cold","Freddo Cappuccino-Lrg",1.00,1.00,180.950,180.95,0.00,180.95,9.05,190.00,0,
"MSFT Hyd","2025-07-29","POS","TAKEAWAY","61","BEVERAGES","Cold Beverages","Overnight Brew","Overnite Espresso Vietnamese Brew",2.00,2.00,209.520,419.04,0.00,419.04,20.96,440.00,0,
"MSFT Hyd","2025-07-29","POS","TAKEAWAY","121","BEVERAGES","Hot Beverages","Hot Chocolate","Guilt-Free Hot Chocolate-Med",2.00,2.00,180.950,361.90,0.00,361.90,18.10,380.00,0,
"MSFT Hyd","2025-07-29","POS","TAKEAWAY","116","BEVERAGES","Hot Beverages","Hot Chocolate","Signature Belgian Dark Hot Chocolate-Med",8.00,8.00,180.950,1447.60,0.00,1447.60,72.40,1520.00,0,
"MSFT Hyd","2025-07-29","POS","TAKEAWAY","11","BEVERAGES","Cold Beverages","Cold Brews","Islander Cold Coffee-Med",10.00,10.00,171.430,1714.30,0.00,1714.30,85.70,1800.00,0,
"MSFT Hyd","2025-07-29","POS","TAKEAWAY","53","BEVERAGES","Cold Beverages","Milk Shake","Double Chocolate Indulgent Milkshake-Lrg",2.00,2.00,200.000,400.00,0.00,400.00,20.00,420.00,0,
"MSFT Hyd","2025-07-29","POS","TAKEAWAY","52","BEVERAGES","Cold Beverages","Milk Shake","Double Chocolate Indulgent Milkshake-Med",1.00,1.00,180.950,180.95,0.00,180.95,9.05,190.00,0,
"MSFT Hyd","2025-07-29","POS","TAKEAWAY","184","FOOD","Main Course","Wholesome Wrap","Smoked Cottage Cheese Wrap",1.00,1.00,241.280,241.28,0.00,241.28,12.06,253.34,0,
"MSFT Hyd","2025-07-29","POS","TAKEAWAY","6","BEVERAGES","Cold Beverages","Cold Brews","Bobastic Coffeeccino-Med",8.00,8.00,180.950,1447.60,0.00,1447.60,72.40,1520.00,0,
"MSFT Hyd","2025-07-29","POS","TAKEAWAY","14","BEVERAGES","Cold Beverages","Cold Brews","Iced Americano-Lrg",1.00,1.00,171.430,171.43,0.00,171.43,8.57,180.00,0,
"MSFT Hyd","2025-07-29","POS","TAKEAWAY","217","FOOD","Quick Bites","Puff & Toastie","Korean Garlic Mushroom Puff",4.00,4.00,99.480,397.92,0.00,397.92,19.88,417.80,0,
"MSFT Hyd","2025-07-29","POS","TAKEAWAY","99","BEVERAGES","Hot Beverages","Hot Brews","Americano-reg",3.00,3.00,133.330,399.99,0.00,399.99,20.01,420.00,0,
"MSFT Hyd","2025-07-29","POS","TAKEAWAY","173","FOOD","Main Course","Hand Made Sandwiches","Mushroom & Scrambled Egg White Broccomole Bagel",1.00,1.00,241.280,241.28,0.00,241.28,12.06,253.34,0,
"MSFT Hyd","2025-07-29","POS","TAKEAWAY","344","BEVERAGES","ADDON","Choice of Milk","Regular - Milk -220g Default",14.00,14.00,0.000,0.00,0.00,0.00,0.00,0.00,0,
"MSFT Hyd","2025-07-29","POS","TAKEAWAY","10","BEVERAGES","Cold Beverages","Cold Brews","Islander Cold Coffee-Lrg",26.00,26.00,180.950,4704.70,0.00,4704.70,235.30,4940.00,0,
"MSFT Hyd","2025-07-29","POS","TAKEAWAY","29","BEVERAGES","Cold Beverages","Iced Chocolate","Classic Iced Chocolate-Lrg",1.00,1.00,180.950,180.95,0.00,180.95,9.05,190.00,0,
"MSFT Hyd","2025-07-29","POS","TAKEAWAY","340","BEVERAGES","ADDON","Choice of Milk","Regular - Milk -170g Default",13.00,13.00,0.000,0.00,0.00,0.00,0.00,0.00,0,
"MSFT Hyd","2025-07-29","POS","TAKEAWAY","44","BEVERAGES","Cold Beverages","Island Special-Cold","Mocha Espressione Cold-Lrg",1.00,1.00,200.000,200.00,0.00,200.00,10.00,210.00,0,
"MSFT Hyd","2025-07-29","POS","TAKEAWAY","92","BEVERAGES","Hot Beverages","Hot Brews","Espresso (Single)",2.00,2.00,123.810,247.62,0.00,247.62,12.38,260.00,0,
"MSFT Hyd","2025-07-29","POS","TAKEAWAY","94","BEVERAGES","Hot Beverages","Hot Brews","Flat White",2.00,2.00,161.900,323.80,0.00,323.80,16.20,340.00,0,
"MSFT Hyd","2025-07-29","POS","TAKEAWAY","336","BEVERAGES","ADDON","Choice of Milk","Regular - Milk -130g Default",10.00,10.00,0.000,0.00,0.00,0.00,0.00,0.00,0,
"MSFT Hyd","2025-07-29","POS","TAKEAWAY","196","FOOD","Desserts","Gelato","Belgian Chocolate Singal Scoop",4.00,4.00,94.287,377.15,0.00,377.15,18.85,396.00,0,
"MSFT Hyd","2025-07-29","POS","TAKEAWAY","96","BEVERAGES","Hot Beverages","Hot Brews","Hot Latte Signature-Med",3.00,3.00,171.430,514.29,0.00,514.29,25.71,540.00,0,
"MSFT Hyd","2025-07-29","POS","TAKEAWAY","2","BEVERAGES","Cold Beverages","Cold Brews","Iced Latte Signature-Med",8.00,8.00,123.810,990.48,0.00,990.48,49.52,1040.00,0,
"MSFT Hyd","2025-07-29","POS","TAKEAWAY","338","BEVERAGES","ADDON","Choice of Milk","Regular - Milk -150g Default",3.00,3.00,0.000,0.00,0.00,0.00,0.00,0.00,0,
"MSFT Hyd","2025-07-29","POS","TAKEAWAY","337","BEVERAGES","ADDON","Choice of Milk","Regular - Milk -140g Default",8.00,8.00,0.000,0.00,0.00,0.00,0.00,0.00,0,
"MSFT Hyd","2025-07-29","POS","TAKEAWAY","190","FOOD","Desserts","Desserts","Pecan & Date Tea Cake",3.00,3.00,190.480,571.44,0.00,571.44,28.56,600.00,0,
"MSFT Hyd","2025-07-29","POS","TAKEAWAY","3","BEVERAGES","Cold Beverages","Cold Brews","Iced Latte Signature-Lrg",5.00,5.00,142.860,714.30,0.00,714.30,35.70,750.00,0,
"MSFT Hyd","2025-07-29","POS","TAKEAWAY","205","FOOD","Desserts","Gelato","French Vanilla Single Scoop",1.00,1.00,94.290,94.29,0.00,94.29,4.71,99.00,0,
"MSFT Hyd","2025-07-29","POS","TAKEAWAY","342","BEVERAGES","ADDON","Choice of Milk","Regular - Milk -200g Default",7.00,7.00,0.000,0.00,0.00,0.00,0.00,0.00,0,
"MSFT Hyd","2025-07-29","POS","TAKEAWAY","15","BEVERAGES","Cold Beverages","Cold Brews","Iced Americano-Med",1.00,1.00,152.380,152.38,0.00,152.38,7.62,160.00,0,
"MSFT Hyd","2025-07-29","POS","TAKEAWAY","18","BEVERAGES","Cold Beverages","Granita","Slushed Pineapple Mango Sunshine Granita-Lrg",1.00,1.00,180.950,180.95,0.00,180.95,9.05,190.00,0,
"MSFT Hyd","2025-07-29","POS","TAKEAWAY","209","FOOD","Desserts","Gelato","Dark Chocolate SSC Single Scoop",2.00,2.00,94.290,188.58,0.00,188.58,9.42,198.00,0,
"MSFT Hyd","2025-07-29","POS","TAKEAWAY","106","BEVERAGES","Hot Beverages","Hot Brews","Cappuccino-reg",9.00,9.00,152.380,1371.42,0.00,1371.42,68.58,1440.00,0,
"MSFT Hyd","2025-07-29","POS","TAKEAWAY","335","BEVERAGES","ADDON","Choice of Milk","Regular - Milk -120g Default",2.00,2.00,0.000,0.00,0.00,0.00,0.00,0.00,0,
"MSFT Hyd","2025-07-29","POS","TAKEAWAY","234","BEVERAGES","ADDON","Choice of Beans","Master Blend - (Default)",14.00,14.00,0.000,0.00,0.00,0.00,0.00,0.00,0,
"MSFT Hyd","2025-07-29","POS","TAKEAWAY","146","BEVERAGES","ADDON","Choice of Beans","Ethiopia Single Estate 20g@Default",2.00,2.00,0.000,0.00,0.00,0.00,0.00,0.00,0,
"MSFT Hyd","2025-07-29","POS","TAKEAWAY","41","BEVERAGES","Cold Beverages","Island Special-Cold","Freddo Espresso Ristretto-Lrg",1.00,1.00,200.000,200.00,0.00,200.00,10.00,210.00,0,
"MSFT Hyd","2025-07-29","POS","TAKEAWAY","140","BEVERAGES","ADDON","Choice of Beans","Ethiopia Blend @25",1.00,1.00,25.000,25.00,0.00,25.00,1.25,26.25,0,
"MSFT Hyd","2025-07-29","POS","TAKEAWAY","97","BEVERAGES","Hot Beverages","Hot Brews","Hot Latte Signature-reg",5.00,5.00,152.380,761.90,0.00,761.90,38.10,800.00,0,
"MSFT Hyd","2025-07-29","POS","TAKEAWAY","33","BEVERAGES","Cold Beverages","Iced Chocolate","Guilt-Free Iced Chocolate-Med",1.00,1.00,161.900,161.90,0.00,161.90,8.10,170.00,0,
"MSFT Hyd","2025-07-29","POS","TAKEAWAY","333","BEVERAGES","ADDON","Choice of Milk","Regular - Milk -100g Default",1.00,1.00,0.000,0.00,0.00,0.00,0.00,0.00,0,
"MSFT Hyd","2025-07-29","POS","TAKEAWAY","124","BEVERAGES","Hot Beverages","Hot Chocolate","Hazelnut Indulgent Hot Chocolate-Reg",5.00,5.00,161.900,809.50,0.00,809.50,40.50,850.00,0,
"MSFT Hyd","2025-07-29","POS","TAKEAWAY","221","FOOD","Quick Bites","Puff & Toastie","Chipotle Paneer Bhurji & Broccomole Toastie",1.00,1.00,241.280,241.28,0.00,241.28,12.06,253.34,0,
"MSFT Hyd","2025-07-29","POS","TAKEAWAY","188","FOOD","Desserts","Desserts","Cinnamon & Jaggery Tea Cake",6.00,6.00,140.330,841.98,0.00,841.98,42.12,884.10,0,
"MSFT Hyd","2025-07-29","POS","TAKEAWAY","186","FOOD","Desserts","Desserts","Belgian Chocolate Fudge Brownie",20.00,20.00,99.482,1989.63,0.00,1989.63,99.43,2089.06,0,
"MSFT Hyd","2025-07-29","POS","TAKEAWAY","332","BEVERAGES","ADDON","Choice of Milk","Regular - Milk -90g Default",8.00,8.00,0.000,0.00,0.00,0.00,0.00,0.00,0,
"MSFT Hyd","2025-07-29","POS","TAKEAWAY","191","FOOD","Desserts","Desserts","Berry & Honey Yogurt Jar",1.00,1.00,241.280,241.28,0.00,241.28,12.06,253.34,0,
"MSFT Hyd","2025-07-29","POS","TAKEAWAY","174","FOOD","Main Course","Hand Made Sandwiches","Garlic Mushroom & Caramelized Onion Melt",2.00,2.00,241.280,482.56,0.00,482.56,24.12,506.68,0,
"MSFT Hyd","2025-07-29","POS","TAKEAWAY","136","BEVERAGES","Hot Beverages","Island Special-Hot","Spanish Bombon (Small)",1.00,1.00,209.520,209.52,0.00,209.52,10.48,220.00,0,
"MSFT Hyd","2025-07-29","POS","TAKEAWAY","166","BEVERAGES","ADDON","Choice of Syrup","Hazelnut Syrup @50",3.00,3.00,25.000,75.00,0.00,75.00,3.75,78.75,0,
"MSFT Hyd","2025-07-29","POS","TAKEAWAY","210","FOOD","Quick Bites","Croissant Cookie & Muffin","Parker House Cream Pie Croissant",3.00,3.00,140.330,420.99,0.00,420.99,21.06,442.05,0,
"MSFT Hyd","2025-07-29","POS","TAKEAWAY","341","BEVERAGES","ADDON","Choice of Milk","Regular - Milk -180g Default",3.00,3.00,0.000,0.00,0.00,0.00,0.00,0.00,0,
"MSFT Hyd","2025-07-29","POS","TAKEAWAY","187","FOOD","Desserts","Desserts","Nolen Gur Banofee Jar",3.00,3.00,241.280,723.84,0.00,723.84,36.18,760.02,0,
"MSFT Hyd","2025-07-29","POS","TAKEAWAY","220","FOOD","Quick Bites","Puff & Toastie","Herb Chicken Open Puff",1.00,1.00,140.330,140.33,0.00,140.33,7.02,147.35,0,
"MSFT Hyd","2025-07-29","POS","TAKEAWAY","218","FOOD","Quick Bites","Puff & Toastie","Herb Infused Roasted Chicken Toastie",2.00,2.00,190.480,380.96,0.00,380.96,19.04,400.00,0,
"MSFT Hyd","2025-07-29","POS","TAKEAWAY","339","BEVERAGES","ADDON","Choice of Milk","Regular - Milk -160g Default",9.00,9.00,0.000,0.00,0.00,0.00,0.00,0.00,0,
"MSFT Hyd","2025-07-29","POS","TAKEAWAY","171","FOOD","Main Course","Hand Made Sandwiches","Roasted Turkey Tomato & Cheese Croissant",1.00,1.00,291.760,291.76,0.00,291.76,14.59,306.35,0,
"MSFT Hyd","2025-07-29","POS","TAKEAWAY","64","BEVERAGES","Cold Beverages","Proffees (Protein + Coffee)","Espresso Proffee (Protein + Coffee)",2.00,2.00,209.520,419.04,0.00,419.04,20.96,440.00,0,
"MSFT Hyd","2025-07-29","POS","TAKEAWAY","212","FOOD","Quick Bites","Croissant Cookie & Muffin","French Butter Croissant",2.00,2.00,99.480,198.96,0.00,198.96,9.94,208.90,0,
"MSFT Hyd","2025-07-29","POS","TAKEAWAY","167","BEVERAGES","ADDON","Choice of Syrup","Salted Caramel Syrup @50",1.00,1.00,25.000,25.00,0.00,25.00,1.25,26.25,0,
"MSFT Hyd","2025-07-29","POS","TAKEAWAY","42","BEVERAGES","Cold Beverages","Island Special-Cold","Freddo Espresso Ristretto-Med",1.00,1.00,180.950,180.95,0.00,180.95,9.05,190.00,0,
"MSFT Hyd","2025-07-29","POS","TAKEAWAY","240","BEVERAGES","Cold Beverages","Choice of Extra Shot - 50","Extra Shot - Volcano Blend",1.00,1.00,50.000,50.00,0.00,50.00,2.50,52.50,0,
"MSFT Hyd","2025-07-29","POS","TAKEAWAY","219","FOOD","Quick Bites","Puff & Toastie","Peri Peri Cheese Toastie",1.00,1.00,190.480,190.48,0.00,190.48,9.52,200.00,0,
"MSFT Hyd","2025-07-29","POS","TAKEAWAY","87","BEVERAGES","Hot Beverages","Alternative Brews","Chemex",1.00,1.00,200.000,200.00,0.00,200.00,10.00,210.00,0,
"MSFT Hyd","2025-07-29","POS","TAKEAWAY","235","BEVERAGES","ADDON","Choice of Beans","Volcano Blend - (Default)",89.00,89.00,0.000,0.00,0.00,0.00,0.00,0.00,0,
"MSFT Hyd","2025-07-29","POS","TAKEAWAY","39","BEVERAGES","Cold Beverages","Iced Chocolate","Dreamy Hazelnut Iced Chocolate-Med",2.00,2.00,161.900,323.80,0.00,323.80,16.20,340.00,0,
"MSFT Hyd","2025-07-29","POS","TAKEAWAY","213","FOOD","Quick Bites","Croissant Cookie & Muffin","Sea Salt Caramel Brookie",2.00,2.00,140.330,280.66,0.00,280.66,14.04,294.70,0,
"MSFT Hyd","2025-07-29","POS","TAKEAWAY","88","BEVERAGES","Hot Beverages","Alternative Brews","Aero Press",1.00,1.00,200.000,200.00,0.00,200.00,10.00,210.00,0,
"MSFT Hyd","2025-07-29","POS","TAKEAWAY","214","FOOD","Quick Bites","Croissant Cookie & Muffin","Oats & Honey Delight Muffin",1.00,1.00,190.480,190.48,0.00,190.48,9.52,200.00,0,
"MSFT Hyd","2025-07-29","POS","TAKEAWAY","105","BEVERAGES","Hot Beverages","Hot Brews","Cappuccino-Med",6.00,6.00,171.430,1028.58,0.00,1028.58,51.42,1080.00,0,
"MSFT Hyd","2025-07-29","POS","TAKEAWAY","38","BEVERAGES","Cold Beverages","Iced Chocolate","Dreamy Hazelnut Iced Chocolate-Lrg",3.00,3.00,180.950,542.85,0.00,542.85,27.15,570.00,0,
"MSFT Hyd","2025-07-29","POS","TAKEAWAY","50","BEVERAGES","Cold Beverages","Island Special-Cold","Iced Vietneamese Shakerato",4.00,4.00,209.520,838.08,0.00,838.08,41.92,880.00,0,
"MSFT Hyd","2025-07-29","POS","TAKEAWAY","343","BEVERAGES","ADDON","Choice of Milk","Regular - Milk -210g Default",2.00,2.00,0.000,0.00,0.00,0.00,0.00,0.00,0,
"MSFT Hyd","2025-07-29","POS","TAKEAWAY","189","FOOD","Desserts","Desserts","New York Cheesecake",1.00,1.00,241.280,241.28,0.00,241.28,12.06,253.34,0,
"MSFT Hyd","2025-07-29","POS","TAKEAWAY","135","BEVERAGES","Hot Beverages","Island Special-Hot","Mocha Espressione Hot-reg",8.00,8.00,180.950,1447.60,0.00,1447.60,72.40,1520.00,0,
"MSFT Hyd","2025-07-29","POS","TAKEAWAY","211","FOOD","Quick Bites","Croissant Cookie & Muffin","Double Choco Chunk Cookie",3.00,3.00,99.480,298.44,0.00,298.44,14.91,313.35,0,
"MSFT Hyd","2025-07-29","POS","TAKEAWAY","90","BEVERAGES","Hot Beverages","Hot Brews","Cortardo (Small)",2.00,2.00,152.380,304.76,0.00,304.76,15.24,320.00,0,
"MSFT Hyd","2025-07-29","POS","TAKEAWAY","151","BEVERAGES","ADDON","Choice of Milk","Oat Milk @50",6.00,6.00,50.000,300.00,0.00,300.00,15.00,315.00,0,
"MSFT Hyd","2025-07-29","POS","TAKEAWAY","49","BEVERAGES","Cold Beverages","Island Special-Cold","Freddo Cappuccino-Med",1.00,1.00,161.900,161.90,0.00,161.90,8.10,170.00,0,
"MSFT Hyd","2025-07-29","POS","TAKEAWAY","115","BEVERAGES","Hot Beverages","Hot Chocolate","Signature Belgian Dark Hot Chocolate-reg",2.00,2.00,161.900,323.80,0.00,323.80,16.20,340.00,0,
"MSFT Hyd","2025-07-30","POS","DINE IN","356","NA","Cold Beverages","Food Sampling for Microsoft/Compass","Regular Milk @160ML",1.00,1.00,0.000,0.00,0.00,0.00,0.00,0.00,0,
"MSFT Hyd","2025-07-30","POS","DINE IN","355","NA","Cold Beverages","Food Sampling for Microsoft/Compass","Volcano Blend@54g",1.00,1.00,0.000,0.00,0.00,0.00,0.00,0.00,0,
"MSFT Hyd","2025-07-30","POS","DINE IN","353","EMP MEAL","Emp Meal","Emp Meal","Emp Meal",3.00,3.00,0.000,0.00,0.00,0.00,0.00,0.00,0,
"MSFT Hyd","2025-07-30","POS","DINE IN","354","NA","Cold Beverages","Food Sampling for Microsoft/Compass","Master Blend",1.00,1.00,0.000,0.00,0.00,0.00,0.00,0.00,0,
"MSFT Hyd","2025-07-30","POS","TAKEAWAY","344","BEVERAGES","ADDON","Choice of Milk","Regular - Milk -220g Default",14.00,14.00,0.000,0.00,0.00,0.00,0.00,0.00,0,
"MSFT Hyd","2025-07-30","POS","TAKEAWAY","340","BEVERAGES","ADDON","Choice of Milk","Regular - Milk -170g Default",17.00,17.00,0.000,0.00,0.00,0.00,0.00,0.00,0,
"MSFT Hyd","2025-07-30","POS","TAKEAWAY","61","BEVERAGES","Cold Beverages","Overnight Brew","Overnite Espresso Vietnamese Brew",1.00,1.00,209.520,209.52,0.00,209.52,10.48,220.00,0,
"MSFT Hyd","2025-07-30","POS","TAKEAWAY","234","BEVERAGES","ADDON","Choice of Beans","Master Blend - (Default)",15.00,15.00,0.000,0.00,0.00,0.00,0.00,0.00,0,
"MSFT Hyd","2025-07-30","POS","TAKEAWAY","6","BEVERAGES","Cold Beverages","Cold Brews","Bobastic Coffeeccino-Med",2.00,2.00,180.950,361.90,0.00,361.90,18.10,380.00,0,
"MSFT Hyd","2025-07-30","POS","TAKEAWAY","64","BEVERAGES","Cold Beverages","Proffees (Protein + Coffee)","Espresso Proffee (Protein + Coffee)",1.00,1.00,209.520,209.52,0.00,209.52,10.48,220.00,0,
"MSFT Hyd","2025-07-30","POS","TAKEAWAY","190","FOOD","Desserts","Desserts","Pecan & Date Tea Cake",2.00,2.00,190.480,380.96,0.00,380.96,19.04,400.00,0,
"MSFT Hyd","2025-07-30","POS","TAKEAWAY","100","BEVERAGES","Hot Beverages","Hot Brews","Americano-Med",2.00,2.00,152.380,304.76,0.00,304.76,15.24,320.00,0,
"MSFT Hyd","2025-07-30","POS","TAKEAWAY","235","BEVERAGES","ADDON","Choice of Beans","Volcano Blend - (Default)",102.00,102.00,0.000,0.00,0.00,0.00,0.00,0.00,0,
"MSFT Hyd","2025-07-30","POS","TAKEAWAY","67","BEVERAGES","Cold Beverages","Refresh","Bobastic Raw Mango Refresh Tea-Med",2.00,2.00,180.950,361.90,0.00,361.90,18.10,380.00,0,
"MSFT Hyd","2025-07-30","POS","TAKEAWAY","10","BEVERAGES","Cold Beverages","Cold Brews","Islander Cold Coffee-Lrg",24.00,24.00,180.950,4342.80,0.00,4342.80,217.20,4560.00,0,
"MSFT Hyd","2025-07-30","POS","TAKEAWAY","78","BEVERAGES","Cold Beverages","Refresh","Bobastic Peach Paradise Refresh Tea-Med",2.00,2.00,180.950,361.90,0.00,361.90,18.10,380.00,0,
"MSFT Hyd","2025-07-30","POS","TAKEAWAY","55","BEVERAGES","Cold Beverages","Milk Shake","Berry Burst Paradise Milkshake-Lrg",1.00,1.00,200.000,200.00,0.00,200.00,10.00,210.00,0,
"MSFT Hyd","2025-07-30","POS","TAKEAWAY","52","BEVERAGES","Cold Beverages","Milk Shake","Double Chocolate Indulgent Milkshake-Med",3.00,3.00,180.950,542.85,0.00,542.85,27.15,570.00,0,
"MSFT Hyd","2025-07-30","POS","TAKEAWAY","36","BEVERAGES","Cold Beverages","Iced Chocolate","Classic Strawberry Iced Chocolate-Med",1.00,1.00,161.900,161.90,0.00,161.90,8.10,170.00,0,
"MSFT Hyd","2025-07-30","POS","TAKEAWAY","342","BEVERAGES","ADDON","Choice of Milk","Regular - Milk -200g Default",7.00,7.00,0.000,0.00,0.00,0.00,0.00,0.00,0,
"MSFT Hyd","2025-07-30","POS","TAKEAWAY","106","BEVERAGES","Hot Beverages","Hot Brews","Cappuccino-reg",16.00,16.00,152.380,2438.08,0.00,2438.08,121.92,2560.00,0,
"MSFT Hyd","2025-07-30","POS","TAKEAWAY","116","BEVERAGES","Hot Beverages","Hot Chocolate","Signature Belgian Dark Hot Chocolate-Med",4.00,4.00,180.950,723.80,0.00,723.80,36.20,760.00,0,
"MSFT Hyd","2025-07-30","POS","TAKEAWAY","49","BEVERAGES","Cold Beverages","Island Special-Cold","Freddo Cappuccino-Med",1.00,1.00,161.900,161.90,0.00,161.90,8.10,170.00,0,
"MSFT Hyd","2025-07-30","POS","TAKEAWAY","337","BEVERAGES","ADDON","Choice of Milk","Regular - Milk -140g Default",8.00,8.00,0.000,0.00,0.00,0.00,0.00,0.00,0,
"MSFT Hyd","2025-07-30","POS","TAKEAWAY","56","BEVERAGES","Cold Beverages","Milk Shake","Berry Burst Paradise Milkshake-Med",1.00,1.00,180.950,180.95,0.00,180.95,9.05,190.00,0,
"MSFT Hyd","2025-07-30","POS","TAKEAWAY","341","BEVERAGES","ADDON","Choice of Milk","Regular - Milk -180g Default",3.00,3.00,0.000,0.00,0.00,0.00,0.00,0.00,0,
"MSFT Hyd","2025-07-30","POS","TAKEAWAY","216","FOOD","Quick Bites","Croissant Cookie & Muffin","White Chocolate & Pistachio Flat Croissant",3.00,3.00,140.330,420.99,0.00,420.99,21.06,442.05,0,
"MSFT Hyd","2025-07-30","POS","TAKEAWAY","167","BEVERAGES","ADDON","Choice of Syrup","Salted Caramel Syrup @50",3.00,3.00,25.000,75.00,0.00,75.00,3.75,78.75,0,
"MSFT Hyd","2025-07-30","POS","TAKEAWAY","219","FOOD","Quick Bites","Puff & Toastie","Peri Peri Cheese Toastie",2.00,2.00,190.480,380.96,0.00,380.96,19.04,400.00,0,
"MSFT Hyd","2025-07-30","POS","TAKEAWAY","97","BEVERAGES","Hot Beverages","Hot Brews","Hot Latte Signature-reg",6.00,6.00,152.380,914.28,0.00,914.28,45.72,960.00,0,
"MSFT Hyd","2025-07-30","POS","TAKEAWAY","209","FOOD","Desserts","Gelato","Dark Chocolate SSC Single Scoop",4.00,4.00,94.290,377.16,0.00,377.16,18.84,396.00,0,
"MSFT Hyd","2025-07-30","POS","TAKEAWAY","96","BEVERAGES","Hot Beverages","Hot Brews","Hot Latte Signature-Med",4.00,4.00,171.430,685.72,0.00,685.72,34.28,720.00,0,
"MSFT Hyd","2025-07-30","POS","TAKEAWAY","135","BEVERAGES","Hot Beverages","Island Special-Hot","Mocha Espressione Hot-reg",8.00,8.00,180.950,1447.60,0.00,1447.60,72.40,1520.00,0,
"MSFT Hyd","2025-07-30","POS","TAKEAWAY","11","BEVERAGES","Cold Beverages","Cold Brews","Islander Cold Coffee-Med",16.00,16.00,171.429,2742.87,0.00,2742.87,137.13,2880.00,0,
"MSFT Hyd","2025-07-30","POS","TAKEAWAY","151","BEVERAGES","ADDON","Choice of Milk","Oat Milk @50",6.00,6.00,50.000,300.00,0.00,300.00,15.00,315.00,0,
"MSFT Hyd","2025-07-30","POS","TAKEAWAY","220","FOOD","Quick Bites","Puff & Toastie","Herb Chicken Open Puff",3.00,3.00,140.330,420.99,0.00,420.99,21.06,442.05,0,
"MSFT Hyd","2025-07-30","POS","TAKEAWAY","3","BEVERAGES","Cold Beverages","Cold Brews","Iced Latte Signature-Lrg",4.00,4.00,142.860,571.44,0.00,571.44,28.56,600.00,0,
"MSFT Hyd","2025-07-30","POS","TAKEAWAY","118","BEVERAGES","Hot Beverages","Hot Chocolate","Classic Strawberry Hot Chocolate-Med",1.00,1.00,180.950,180.95,0.00,180.95,9.05,190.00,0,
"MSFT Hyd","2025-07-30","POS","TAKEAWAY","70","BEVERAGES","Cold Beverages","Refresh","Iced Classic Lemon Tea-Med",1.00,1.00,123.810,123.81,0.00,123.81,6.19,130.00,0,
"MSFT Hyd","2025-07-30","POS","TAKEAWAY","183","FOOD","Main Course","Wholesome Wrap","Sriracha Chicken & Avocado Wrap",2.00,2.00,241.280,482.56,0.00,482.56,24.12,506.68,0,
"MSFT Hyd","2025-07-30","POS","TAKEAWAY","136","BEVERAGES","Hot Beverages","Island Special-Hot","Spanish Bombon (Small)",1.00,1.00,209.520,209.52,0.00,209.52,10.48,220.00,0,
"MSFT Hyd","2025-07-30","POS","TAKEAWAY","188","FOOD","Desserts","Desserts","Cinnamon & Jaggery Tea Cake",4.00,4.00,140.330,561.32,0.00,561.32,28.08,589.40,0,
"MSFT Hyd","2025-07-30","POS","TAKEAWAY","50","BEVERAGES","Cold Beverages","Island Special-Cold","Iced Vietneamese Shakerato",2.00,2.00,209.520,419.04,0.00,419.04,20.96,440.00,0,
"MSFT Hyd","2025-07-30","POS","TAKEAWAY","212","FOOD","Quick Bites","Croissant Cookie & Muffin","French Butter Croissant",1.00,1.00,99.480,99.48,0.00,99.48,4.97,104.45,0,
"MSFT Hyd","2025-07-30","POS","TAKEAWAY","8","BEVERAGES","Cold Beverages","Cold Brews","Gelato Affagato",2.00,2.00,200.000,400.00,0.00,400.00,20.00,420.00,0,
"MSFT Hyd","2025-07-30","POS","TAKEAWAY","125","BEVERAGES","Hot Beverages","Hot Chocolate","Hazelnut Indulgent Hot Chocolate-Med",4.00,4.00,180.950,723.80,0.00,723.80,36.20,760.00,0,
"MSFT Hyd","2025-07-30","POS","TAKEAWAY","178","FOOD","Main Course","Pizza","Roasted Tomato Basil Bocconcini Pide",3.00,3.00,240.950,722.85,0.00,722.85,36.15,759.00,0,
"MSFT Hyd","2025-07-30","POS","TAKEAWAY","122","BEVERAGES","Hot Beverages","Hot Chocolate","Guilt-Free Hot Chocolate-Reg",1.00,1.00,161.900,161.90,0.00,161.90,8.10,170.00,0,
"MSFT Hyd","2025-07-30","POS","TAKEAWAY","332","BEVERAGES","ADDON","Choice of Milk","Regular - Milk -90g Default",2.00,2.00,0.000,0.00,0.00,0.00,0.00,0.00,0,
"MSFT Hyd","2025-07-30","POS","TAKEAWAY","2","BEVERAGES","Cold Beverages","Cold Brews","Iced Latte Signature-Med",7.00,7.00,123.810,866.67,0.00,866.67,43.33,910.00,0,
"MSFT Hyd","2025-07-30","POS","TAKEAWAY","173","FOOD","Main Course","Hand Made Sandwiches","Mushroom & Scrambled Egg White Broccomole Bagel",1.00,1.00,241.280,241.28,0.00,241.28,12.06,253.34,0,
"MSFT Hyd","2025-07-30","POS","TAKEAWAY","196","FOOD","Desserts","Gelato","Belgian Chocolate Singal Scoop",6.00,6.00,94.288,565.73,0.00,565.73,28.27,594.00,0,
"MSFT Hyd","2025-07-30","POS","TAKEAWAY","217","FOOD","Quick Bites","Puff & Toastie","Korean Garlic Mushroom Puff",3.00,3.00,99.480,298.44,0.00,298.44,14.91,313.35,0,
"MSFT Hyd","2025-07-30","POS","TAKEAWAY","185","FOOD","Desserts","Desserts","Cold Brew Tiramisu",4.00,4.00,241.280,965.12,0.00,965.12,48.24,1013.36,0,
"MSFT Hyd","2025-07-30","POS","TAKEAWAY","63","BEVERAGES","Cold Beverages","Proffees (Protein + Coffee)","Cookie & Cream Proffee (Protein + Coffee)",1.00,1.00,209.520,209.52,0.00,209.52,10.48,220.00,0,
"MSFT Hyd","2025-07-30","POS","TAKEAWAY","184","FOOD","Main Course","Wholesome Wrap","Smoked Cottage Cheese Wrap",1.00,1.00,241.280,241.28,0.00,241.28,12.06,253.34,0,
"MSFT Hyd","2025-07-30","POS","TAKEAWAY","166","BEVERAGES","ADDON","Choice of Syrup","Hazelnut Syrup @50",5.00,5.00,25.000,125.00,0.00,125.00,6.25,131.25,0,
"MSFT Hyd","2025-07-30","POS","TAKEAWAY","140","BEVERAGES","ADDON","Choice of Beans","Ethiopia Blend @25",1.00,1.00,25.000,25.00,0.00,25.00,1.25,26.25,0,
"MSFT Hyd","2025-07-30","POS","TAKEAWAY","213","FOOD","Quick Bites","Croissant Cookie & Muffin","Sea Salt Caramel Brookie",2.00,2.00,140.330,280.66,0.00,280.66,14.04,294.70,0,
"MSFT Hyd","2025-07-30","POS","TAKEAWAY","23","BEVERAGES","Cold Beverages","Granita","Slushed Peach Paradise Granita-Med",1.00,1.00,161.900,161.90,0.00,161.90,8.10,170.00,0,
"MSFT Hyd","2025-07-30","POS","TAKEAWAY","115","BEVERAGES","Hot Beverages","Hot Chocolate","Signature Belgian Dark Hot Chocolate-reg",4.00,4.00,161.900,647.60,0.00,647.60,32.40,680.00,0,
"MSFT Hyd","2025-07-30","POS","TAKEAWAY","124","BEVERAGES","Hot Beverages","Hot Chocolate","Hazelnut Indulgent Hot Chocolate-Reg",1.00,1.00,161.900,161.90,0.00,161.90,8.10,170.00,0,
"MSFT Hyd","2025-07-30","POS","TAKEAWAY","105","BEVERAGES","Hot Beverages","Hot Brews","Cappuccino-Med",12.00,12.00,171.430,2057.16,0.00,2057.16,102.84,2160.00,0,
"MSFT Hyd","2025-07-30","POS","TAKEAWAY","336","BEVERAGES","ADDON","Choice of Milk","Regular - Milk -130g Default",18.00,18.00,0.000,0.00,0.00,0.00,0.00,0.00,0,
"MSFT Hyd","2025-07-30","POS","TAKEAWAY","170","FOOD","Main Course","Hand Made Sandwiches","Roasted Tomato & Bocconcini Croissant",2.00,2.00,241.280,482.56,0.00,482.56,24.12,506.68,0,
"MSFT Hyd","2025-07-30","POS","TAKEAWAY","4","BEVERAGES","Cold Beverages","Cold Brews","Fizzy Espressione (Tonic Water)",1.00,1.00,209.520,209.52,0.00,209.52,10.48,220.00,0,
"MSFT Hyd","2025-07-30","POS","TAKEAWAY","189","FOOD","Desserts","Desserts","New York Cheesecake",3.00,3.00,241.280,723.84,0.00,723.84,36.18,760.02,0,
"MSFT Hyd","2025-07-30","POS","TAKEAWAY","33","BEVERAGES","Cold Beverages","Iced Chocolate","Guilt-Free Iced Chocolate-Med",1.00,1.00,161.900,161.90,0.00,161.90,8.10,170.00,0,
"MSFT Hyd","2025-07-30","POS","TAKEAWAY","48","BEVERAGES","Cold Beverages","Island Special-Cold","Freddo Cappuccino-Lrg",1.00,1.00,180.950,180.95,0.00,180.95,9.05,190.00,0,
"MSFT Hyd","2025-07-30","POS","TAKEAWAY","218","FOOD","Quick Bites","Puff & Toastie","Herb Infused Roasted Chicken Toastie",2.00,2.00,190.480,380.96,0.00,380.96,19.04,400.00,0,
"MSFT Hyd","2025-07-30","POS","TAKEAWAY","338","BEVERAGES","ADDON","Choice of Milk","Regular - Milk -150g Default",4.00,4.00,0.000,0.00,0.00,0.00,0.00,0.00,0,
"MSFT Hyd","2025-07-30","POS","TAKEAWAY","186","FOOD","Desserts","Desserts","Belgian Chocolate Fudge Brownie",15.00,15.00,99.482,1492.23,0.00,1492.23,74.58,1566.81,0,
"MSFT Hyd","2025-07-30","POS","TAKEAWAY","221","FOOD","Quick Bites","Puff & Toastie","Chipotle Paneer Bhurji & Broccomole Toastie",2.00,2.00,241.280,482.56,0.00,482.56,24.12,506.68,0,
"MSFT Hyd","2025-07-30","POS","TAKEAWAY","29","BEVERAGES","Cold Beverages","Iced Chocolate","Classic Iced Chocolate-Lrg",1.00,1.00,180.950,180.95,0.00,180.95,9.05,190.00,0,
"MSFT Hyd","2025-07-30","POS","TAKEAWAY","15","BEVERAGES","Cold Beverages","Cold Brews","Iced Americano-Med",5.00,5.00,152.380,761.90,0.00,761.90,38.10,800.00,0,
"MSFT Hyd","2025-07-30","POS","TAKEAWAY","165","BEVERAGES","ADDON","Choice of Syrup","Irish Syrup @50",1.00,1.00,25.000,25.00,0.00,25.00,1.25,26.25,0,
"MSFT Hyd","2025-07-30","POS","TAKEAWAY","14","BEVERAGES","Cold Beverages","Cold Brews","Iced Americano-Lrg",1.00,1.00,171.430,171.43,0.00,171.43,8.57,180.00,0,
"MSFT Hyd","2025-07-30","POS","TAKEAWAY","94","BEVERAGES","Hot Beverages","Hot Brews","Flat White",3.00,3.00,161.900,485.70,0.00,485.70,24.30,510.00,0,
"MSFT Hyd","2025-07-30","POS","TAKEAWAY","38","BEVERAGES","Cold Beverages","Iced Chocolate","Dreamy Hazelnut Iced Chocolate-Lrg",2.00,2.00,180.950,361.90,0.00,361.90,18.10,380.00,0,
"MSFT Hyd","2025-07-30","POS","TAKEAWAY","99","BEVERAGES","Hot Beverages","Hot Brews","Americano-reg",3.00,3.00,133.330,399.99,0.00,399.99,20.01,420.00,0,
"MSFT Hyd","2025-07-30","POS","TAKEAWAY","39","BEVERAGES","Cold Beverages","Iced Chocolate","Dreamy Hazelnut Iced Chocolate-Med",1.00,1.00,161.900,161.90,0.00,161.90,8.10,170.00,0,
"MSFT Hyd","2025-07-30","POS","TAKEAWAY","339","BEVERAGES","ADDON","Choice of Milk","Regular - Milk -160g Default",10.00,10.00,0.000,0.00,0.00,0.00,0.00,0.00,0,
"MSFT Hyd","2025-07-30","POS","TAKEAWAY","210","FOOD","Quick Bites","Croissant Cookie & Muffin","Parker House Cream Pie Croissant",1.00,1.00,140.330,140.33,0.00,140.33,7.02,147.35,0,
"MSFT Hyd","2025-07-30","POS","TAKEAWAY","161","BEVERAGES","ADDON","Choice of Crema","Salted Caramel Crema @50",1.00,1.00,50.000,50.00,0.00,50.00,2.50,52.50,0,
"MSFT Hyd","2025-07-30","POS","TAKEAWAY","343","BEVERAGES","ADDON","Choice of Milk","Regular - Milk -210g Default",1.00,1.00,0.000,0.00,0.00,0.00,0.00,0.00,0,
"MSFT Hyd","2025-07-30","POS","TAKEAWAY","174","FOOD","Main Course","Hand Made Sandwiches","Garlic Mushroom & Caramelized Onion Melt",1.00,1.00,241.280,241.28,0.00,241.28,12.06,253.34,0,
"MSFT Hyd","2025-07-30","POS","TAKEAWAY","237","BEVERAGES","ADDON","Choice of Crema","Salted Caramel Crema - 0  (Default)",2.00,2.00,0.000,0.00,0.00,0.00,0.00,0.00,0,
"MSFT Hyd","2025-07-30","POS","TAKEAWAY","187","FOOD","Desserts","Desserts","Nolen Gur Banofee Jar",2.00,2.00,241.280,482.56,0.00,482.56,24.12,506.68,0,
"MSFT Hyd","2025-07-30","POS","TAKEAWAY","121","BEVERAGES","Hot Beverages","Hot Chocolate","Guilt-Free Hot Chocolate-Med",2.00,2.00,180.950,361.90,0.00,361.90,18.10,380.00,0,
"MSFT Hyd","2025-07-30","POS","TAKEAWAY","211","FOOD","Quick Bites","Croissant Cookie & Muffin","Double Choco Chunk Cookie",1.00,1.00,99.480,99.48,0.00,99.48,4.97,104.45,0,
"MSFT Hyd","2025-07-30","POS","TAKEAWAY","139","BEVERAGES","ADDON","Choice of Beans","Kenya Blend @25",1.00,1.00,25.000,25.00,0.00,25.00,1.25,26.25,0,
"MSFT Hyd","2025-07-31","POS","DINE IN","353","EMP MEAL","Emp Meal","Emp Meal","Emp Meal",5.00,5.00,0.000,0.00,0.00,0.00,0.00,0.00,0,
"MSFT Hyd","2025-07-31","POS","DINE IN","356","NA","Cold Beverages","Food Sampling for Microsoft/Compass","Regular Milk @160ML",1.00,1.00,0.000,0.00,0.00,0.00,0.00,0.00,0,
"MSFT Hyd","2025-07-31","POS","DINE IN","355","NA","Cold Beverages","Food Sampling for Microsoft/Compass","Volcano Blend@54g",1.00,1.00,0.000,0.00,0.00,0.00,0.00,0.00,0,
"MSFT Hyd","2025-07-31","POS","DINE IN","354","NA","Cold Beverages","Food Sampling for Microsoft/Compass","Master Blend",1.00,1.00,0.000,0.00,0.00,0.00,0.00,0.00,0,
"MSFT Hyd","2025-07-31","POS","TAKEAWAY","335","BEVERAGES","ADDON","Choice of Milk","Regular - Milk -120g Default",3.00,3.00,0.000,0.00,0.00,0.00,0.00,0.00,0,
"MSFT Hyd","2025-07-31","POS","TAKEAWAY","64","BEVERAGES","Cold Beverages","Proffees (Protein + Coffee)","Espresso Proffee (Protein + Coffee)",2.00,2.00,209.520,419.04,0.00,419.04,20.96,440.00,0,
"MSFT Hyd","2025-07-31","POS","TAKEAWAY","94","BEVERAGES","Hot Beverages","Hot Brews","Flat White",2.00,2.00,161.900,323.80,0.00,323.80,16.20,340.00,0,
"MSFT Hyd","2025-07-31","POS","TAKEAWAY","7","BEVERAGES","Cold Beverages","Cold Brews","Bobastic Coffeeccino-Lrg",3.00,3.00,200.000,600.00,0.00,600.00,30.00,630.00,0,
"MSFT Hyd","2025-07-31","POS","TAKEAWAY","105","BEVERAGES","Hot Beverages","Hot Brews","Cappuccino-Med",10.00,10.00,171.430,1714.30,0.00,1714.30,85.70,1800.00,0,
"MSFT Hyd","2025-07-31","POS","TAKEAWAY","124","BEVERAGES","Hot Beverages","Hot Chocolate","Hazelnut Indulgent Hot Chocolate-Reg",1.00,1.00,161.900,161.90,0.00,161.90,8.10,170.00,0,
"MSFT Hyd","2025-07-31","POS","TAKEAWAY","61","BEVERAGES","Cold Beverages","Overnight Brew","Overnite Espresso Vietnamese Brew",1.00,1.00,209.520,209.52,0.00,209.52,10.48,220.00,0,
"MSFT Hyd","2025-07-31","POS","TAKEAWAY","332","BEVERAGES","ADDON","Choice of Milk","Regular - Milk -90g Default",9.00,9.00,0.000,0.00,0.00,0.00,0.00,0.00,0,
"MSFT Hyd","2025-07-31","POS","TAKEAWAY","219","FOOD","Quick Bites","Puff & Toastie","Peri Peri Cheese Toastie",4.00,4.00,190.480,761.92,0.00,761.92,38.08,800.00,0,
"MSFT Hyd","2025-07-31","POS","TAKEAWAY","80","BEVERAGES","Cold Beverages","Refresh","Iced Apple Green Tea-Lrg",1.00,1.00,142.860,142.86,0.00,142.86,7.14,150.00,0,
"MSFT Hyd","2025-07-31","POS","TAKEAWAY","340","BEVERAGES","ADDON","Choice of Milk","Regular - Milk -170g Default",12.00,12.00,0.000,0.00,0.00,0.00,0.00,0.00,0,
"MSFT Hyd","2025-07-31","POS","TAKEAWAY","39","BEVERAGES","Cold Beverages","Iced Chocolate","Dreamy Hazelnut Iced Chocolate-Med",2.00,2.00,161.900,323.80,0.00,323.80,16.20,340.00,0,
"MSFT Hyd","2025-07-31","POS","TAKEAWAY","50","BEVERAGES","Cold Beverages","Island Special-Cold","Iced Vietneamese Shakerato",5.00,5.00,209.520,1047.60,0.00,1047.60,52.40,1100.00,0,
"MSFT Hyd","2025-07-31","POS","TAKEAWAY","53","BEVERAGES","Cold Beverages","Milk Shake","Double Chocolate Indulgent Milkshake-Lrg",1.00,1.00,200.000,200.00,0.00,200.00,10.00,210.00,0,
"MSFT Hyd","2025-07-31","POS","TAKEAWAY","196","FOOD","Desserts","Gelato","Belgian Chocolate Singal Scoop",9.00,9.00,94.290,848.61,0.00,848.61,42.39,891.00,0,
"MSFT Hyd","2025-07-31","POS","TAKEAWAY","52","BEVERAGES","Cold Beverages","Milk Shake","Double Chocolate Indulgent Milkshake-Med",2.00,2.00,180.950,361.90,0.00,361.90,18.10,380.00,0,
"MSFT Hyd","2025-07-31","POS","TAKEAWAY","106","BEVERAGES","Hot Beverages","Hot Brews","Cappuccino-reg",11.00,11.00,152.380,1676.18,0.00,1676.18,83.82,1760.00,0,
"MSFT Hyd","2025-07-31","POS","TAKEAWAY","341","BEVERAGES","ADDON","Choice of Milk","Regular - Milk -180g Default",4.00,4.00,0.000,0.00,0.00,0.00,0.00,0.00,0,
"MSFT Hyd","2025-07-31","POS","TAKEAWAY","32","BEVERAGES","Cold Beverages","Iced Chocolate","Guilt-Free Iced Chocolate-Lrg",1.00,1.00,180.950,180.95,0.00,180.95,9.05,190.00,0,
"MSFT Hyd","2025-07-31","POS","TAKEAWAY","235","BEVERAGES","ADDON","Choice of Beans","Volcano Blend - (Default)",96.00,96.00,0.000,0.00,0.00,0.00,0.00,0.00,0,
"MSFT Hyd","2025-07-31","POS","TAKEAWAY","10","BEVERAGES","Cold Beverages","Cold Brews","Islander Cold Coffee-Lrg",23.00,23.00,180.950,4161.85,0.00,4161.85,208.15,4370.00,0,
"MSFT Hyd","2025-07-31","POS","TAKEAWAY","185","FOOD","Desserts","Desserts","Cold Brew Tiramisu",1.00,1.00,241.280,241.28,0.00,241.28,12.06,253.34,0,
"MSFT Hyd","2025-07-31","POS","TAKEAWAY","44","BEVERAGES","Cold Beverages","Island Special-Cold","Mocha Espressione Cold-Lrg",1.00,1.00,200.000,200.00,0.00,200.00,10.00,210.00,0,
"MSFT Hyd","2025-07-31","POS","TAKEAWAY","110","BEVERAGES","Hot Beverages","Hot Brews","Machiato (Single)",1.00,1.00,133.330,133.33,0.00,133.33,6.67,140.00,0,
"MSFT Hyd","2025-07-31","POS","TAKEAWAY","38","BEVERAGES","Cold Beverages","Iced Chocolate","Dreamy Hazelnut Iced Chocolate-Lrg",3.00,3.00,180.950,542.85,0.00,542.85,27.15,570.00,0,
"MSFT Hyd","2025-07-31","POS","TAKEAWAY","87","BEVERAGES","Hot Beverages","Alternative Brews","Chemex",1.00,1.00,200.000,200.00,0.00,200.00,10.00,210.00,0,
"MSFT Hyd","2025-07-31","POS","TAKEAWAY","97","BEVERAGES","Hot Beverages","Hot Brews","Hot Latte Signature-reg",8.00,8.00,152.380,1219.04,0.00,1219.04,60.96,1280.00,0,
"MSFT Hyd","2025-07-31","POS","TAKEAWAY","2","BEVERAGES","Cold Beverages","Cold Brews","Iced Latte Signature-Med",5.00,5.00,123.810,619.05,0.00,619.05,30.95,650.00,0,
"MSFT Hyd","2025-07-31","POS","TAKEAWAY","152","BEVERAGES","ADDON","Choice of Milk","Skimmed Milk @50",1.00,1.00,50.000,50.00,0.00,50.00,2.50,52.50,0,
"MSFT Hyd","2025-07-31","POS","TAKEAWAY","186","FOOD","Desserts","Desserts","Belgian Chocolate Fudge Brownie",11.00,11.00,99.481,1094.29,0.00,1094.29,54.68,1148.97,0,
"MSFT Hyd","2025-07-31","POS","TAKEAWAY","339","BEVERAGES","ADDON","Choice of Milk","Regular - Milk -160g Default",6.00,6.00,0.000,0.00,0.00,0.00,0.00,0.00,0,
"MSFT Hyd","2025-07-31","POS","TAKEAWAY","205","FOOD","Desserts","Gelato","French Vanilla Single Scoop",3.00,3.00,94.290,282.87,0.00,282.87,14.13,297.00,0,
"MSFT Hyd","2025-07-31","POS","TAKEAWAY","336","BEVERAGES","ADDON","Choice of Milk","Regular - Milk -130g Default",11.00,11.00,0.000,0.00,0.00,0.00,0.00,0.00,0,
"MSFT Hyd","2025-07-31","POS","TAKEAWAY","3","BEVERAGES","Cold Beverages","Cold Brews","Iced Latte Signature-Lrg",11.00,11.00,142.860,1571.46,0.00,1571.46,78.54,1650.00,0,
"MSFT Hyd","2025-07-31","POS","TAKEAWAY","212","FOOD","Quick Bites","Croissant Cookie & Muffin","French Butter Croissant",4.00,4.00,99.483,397.93,0.00,397.93,19.89,417.82,0,
"MSFT Hyd","2025-07-31","POS","TAKEAWAY","213","FOOD","Quick Bites","Croissant Cookie & Muffin","Sea Salt Caramel Brookie",4.00,4.00,140.330,561.32,0.00,561.32,28.08,589.40,0,
"MSFT Hyd","2025-07-31","POS","TAKEAWAY","29","BEVERAGES","Cold Beverages","Iced Chocolate","Classic Iced Chocolate-Lrg",1.00,1.00,180.950,180.95,0.00,180.95,9.05,190.00,0,
"MSFT Hyd","2025-07-31","POS","TAKEAWAY","221","FOOD","Quick Bites","Puff & Toastie","Chipotle Paneer Bhurji & Broccomole Toastie",2.00,2.00,241.280,482.56,0.00,482.56,24.12,506.68,0,
"MSFT Hyd","2025-07-31","POS","TAKEAWAY","86","BEVERAGES","Hot Beverages","Alternative Brews","Island Pour Over",1.00,1.00,200.000,200.00,0.00,200.00,10.00,210.00,0,
"MSFT Hyd","2025-07-31","POS","TAKEAWAY","151","BEVERAGES","ADDON","Choice of Milk","Oat Milk @50",4.00,4.00,50.000,200.00,0.00,200.00,10.00,210.00,0,
"MSFT Hyd","2025-07-31","POS","TAKEAWAY","190","FOOD","Desserts","Desserts","Pecan & Date Tea Cake",1.00,1.00,190.480,190.48,0.00,190.48,9.52,200.00,0,
"MSFT Hyd","2025-07-31","POS","TAKEAWAY","338","BEVERAGES","ADDON","Choice of Milk","Regular - Milk -150g Default",6.00,6.00,0.000,0.00,0.00,0.00,0.00,0.00,0,
"MSFT Hyd","2025-07-31","POS","TAKEAWAY","8","BEVERAGES","Cold Beverages","Cold Brews","Gelato Affagato",1.00,1.00,200.000,200.00,0.00,200.00,10.00,210.00,0,
"MSFT Hyd","2025-07-31","POS","TAKEAWAY","14","BEVERAGES","Cold Beverages","Cold Brews","Iced Americano-Lrg",2.00,2.00,171.430,342.86,0.00,342.86,17.14,360.00,0,
"MSFT Hyd","2025-07-31","POS","TAKEAWAY","65","BEVERAGES","Cold Beverages","Proffees (Protein + Coffee)","Caremel Proffee (Protein + Coffee)",2.00,2.00,209.520,419.04,0.00,419.04,20.96,440.00,0,
"MSFT Hyd","2025-07-31","POS","TAKEAWAY","234","BEVERAGES","ADDON","Choice of Beans","Master Blend - (Default)",9.00,9.00,0.000,0.00,0.00,0.00,0.00,0.00,0,
"MSFT Hyd","2025-07-31","POS","TAKEAWAY","344","BEVERAGES","ADDON","Choice of Milk","Regular - Milk -220g Default",16.00,16.00,0.000,0.00,0.00,0.00,0.00,0.00,0,
"MSFT Hyd","2025-07-31","POS","TAKEAWAY","134","BEVERAGES","Hot Beverages","Island Special-Hot","Mocha Espressione Hot-Med",2.00,2.00,200.000,400.00,0.00,400.00,20.00,420.00,0,
"MSFT Hyd","2025-07-31","POS","TAKEAWAY","77","BEVERAGES","Cold Beverages","Refresh","Bobastic Peach Paradise Refresh Tea-Lrg",1.00,1.00,200.000,200.00,0.00,200.00,10.00,210.00,0,
"MSFT Hyd","2025-07-31","POS","TAKEAWAY","178","FOOD","Main Course","Pizza","Roasted Tomato Basil Bocconcini Pide",1.00,1.00,240.950,240.95,0.00,240.95,12.05,253.00,0,
"MSFT Hyd","2025-07-31","POS","TAKEAWAY","209","FOOD","Desserts","Gelato","Dark Chocolate SSC Single Scoop",6.00,6.00,94.290,565.74,0.00,565.74,28.26,594.00,0,
"MSFT Hyd","2025-07-31","POS","TAKEAWAY","214","FOOD","Quick Bites","Croissant Cookie & Muffin","Oats & Honey Delight Muffin",1.00,1.00,190.480,190.48,0.00,190.48,9.52,200.00,0,
"MSFT Hyd","2025-07-31","POS","TAKEAWAY","56","BEVERAGES","Cold Beverages","Milk Shake","Berry Burst Paradise Milkshake-Med",1.00,1.00,180.950,180.95,0.00,180.95,9.05,190.00,0,
"MSFT Hyd","2025-07-31","POS","TAKEAWAY","144","BEVERAGES","ADDON","Choice of Beans","Ethiopia Blend 20g @0",1.00,1.00,0.000,0.00,0.00,0.00,0.00,0.00,0,
"MSFT Hyd","2025-07-31","POS","TAKEAWAY","11","BEVERAGES","Cold Beverages","Cold Brews","Islander Cold Coffee-Med",7.00,7.00,171.430,1200.01,0.00,1200.01,59.99,1260.00,0,
"MSFT Hyd","2025-07-31","POS","TAKEAWAY","333","BEVERAGES","ADDON","Choice of Milk","Regular - Milk -100g Default",1.00,1.00,0.000,0.00,0.00,0.00,0.00,0.00,0,
"MSFT Hyd","2025-07-31","POS","TAKEAWAY","24","BEVERAGES","Cold Beverages","Granita","Slushed Peach Paradise Granita-Lrg",1.00,1.00,180.950,180.95,0.00,180.95,9.05,190.00,0,
"MSFT Hyd","2025-07-31","POS","TAKEAWAY","216","FOOD","Quick Bites","Croissant Cookie & Muffin","White Chocolate & Pistachio Flat Croissant",2.00,2.00,140.330,280.66,0.00,280.66,14.04,294.70,0,
"MSFT Hyd","2025-07-31","POS","TAKEAWAY","189","FOOD","Desserts","Desserts","New York Cheesecake",2.00,2.00,241.280,482.56,0.00,482.56,24.12,506.68,0,
"MSFT Hyd","2025-07-31","POS","TAKEAWAY","215","FOOD","Quick Bites","Croissant Cookie & Muffin","Rocky Road & Pecan Muffin",1.00,1.00,190.480,190.48,0.00,190.48,9.52,200.00,0,
"MSFT Hyd","2025-07-31","POS","TAKEAWAY","18","BEVERAGES","Cold Beverages","Granita","Slushed Pineapple Mango Sunshine Granita-Lrg",1.00,1.00,180.950,180.95,0.00,180.95,9.05,190.00,0,
"MSFT Hyd","2025-07-31","POS","TAKEAWAY","337","BEVERAGES","ADDON","Choice of Milk","Regular - Milk -140g Default",7.00,7.00,0.000,0.00,0.00,0.00,0.00,0.00,0,
"MSFT Hyd","2025-07-31","POS","TAKEAWAY","122","BEVERAGES","Hot Beverages","Hot Chocolate","Guilt-Free Hot Chocolate-Reg",1.00,1.00,161.900,161.90,0.00,161.90,8.10,170.00,0,
"MSFT Hyd","2025-07-31","POS","TAKEAWAY","188","FOOD","Desserts","Desserts","Cinnamon & Jaggery Tea Cake",4.00,4.00,140.330,561.32,0.00,561.32,28.08,589.40,0,
"MSFT Hyd","2025-07-31","POS","TAKEAWAY","342","BEVERAGES","ADDON","Choice of Milk","Regular - Milk -200g Default",15.00,15.00,0.000,0.00,0.00,0.00,0.00,0.00,0,
"MSFT Hyd","2025-07-31","POS","TAKEAWAY","100","BEVERAGES","Hot Beverages","Hot Brews","Americano-Med",3.00,3.00,152.380,457.14,0.00,457.14,22.86,480.00,0,
"MSFT Hyd","2025-07-31","POS","TAKEAWAY","167","BEVERAGES","ADDON","Choice of Syrup","Salted Caramel Syrup @50",3.00,3.00,25.000,75.00,0.00,75.00,3.75,78.75,0,
"MSFT Hyd","2025-07-31","POS","TAKEAWAY","211","FOOD","Quick Bites","Croissant Cookie & Muffin","Double Choco Chunk Cookie",6.00,6.00,99.480,596.88,0.00,596.88,29.82,626.70,0,
"MSFT Hyd","2025-07-31","POS","TAKEAWAY","92","BEVERAGES","Hot Beverages","Hot Brews","Espresso (Single)",1.00,1.00,123.810,123.81,0.00,123.81,6.19,130.00,0,
"MSFT Hyd","2025-07-31","POS","TAKEAWAY","237","BEVERAGES","ADDON","Choice of Crema","Salted Caramel Crema - 0  (Default)",12.00,12.00,0.000,0.00,0.00,0.00,0.00,0.00,0,
"MSFT Hyd","2025-07-31","POS","TAKEAWAY","6","BEVERAGES","Cold Beverages","Cold Brews","Bobastic Coffeeccino-Med",9.00,9.00,180.950,1628.55,0.00,1628.55,81.45,1710.00,0,
"MSFT Hyd","2025-07-31","POS","TAKEAWAY","183","FOOD","Main Course","Wholesome Wrap","Sriracha Chicken & Avocado Wrap",3.00,3.00,241.280,723.84,0.00,723.84,36.18,760.02,0,
"MSFT Hyd","2025-07-31","POS","TAKEAWAY","125","BEVERAGES","Hot Beverages","Hot Chocolate","Hazelnut Indulgent Hot Chocolate-Med",5.00,5.00,180.950,904.75,0.00,904.75,45.25,950.00,0,
"MSFT Hyd","2025-07-31","POS","TAKEAWAY","48","BEVERAGES","Cold Beverages","Island Special-Cold","Freddo Cappuccino-Lrg",3.00,3.00,180.950,542.85,0.00,542.85,27.15,570.00,0,
"MSFT Hyd","2025-07-31","POS","TAKEAWAY","33","BEVERAGES","Cold Beverages","Iced Chocolate","Guilt-Free Iced Chocolate-Med",1.00,1.00,161.900,161.90,0.00,161.90,8.10,170.00,0,
"MSFT Hyd","2025-07-31","POS","TAKEAWAY","200","FOOD","Desserts","Gelato","Mango Sorbet Singal Scoop",2.00,2.00,94.290,188.58,0.00,188.58,9.42,198.00,0,
"MSFT Hyd","2025-07-31","POS","TAKEAWAY","116","BEVERAGES","Hot Beverages","Hot Chocolate","Signature Belgian Dark Hot Chocolate-Med",6.00,6.00,180.950,1085.70,0.00,1085.70,54.30,1140.00,0,
"MSFT Hyd","2025-07-31","POS","TAKEAWAY","115","BEVERAGES","Hot Beverages","Hot Chocolate","Signature Belgian Dark Hot Chocolate-reg",1.00,1.00,161.900,161.90,0.00,161.90,8.10,170.00,0,
"MSFT Hyd","2025-07-31","POS","TAKEAWAY","135","BEVERAGES","Hot Beverages","Island Special-Hot","Mocha Espressione Hot-reg",7.00,7.00,180.950,1266.65,0.00,1266.65,63.35,1330.00,0,
"MSFT Hyd","2025-07-31","POS","TAKEAWAY","96","BEVERAGES","Hot Beverages","Hot Brews","Hot Latte Signature-Med",2.00,2.00,171.430,342.86,0.00,342.86,17.14,360.00,0,
"MSFT Hyd","2025-07-31","POS","TAKEAWAY","343","BEVERAGES","ADDON","Choice of Milk","Regular - Milk -210g Default",1.00,1.00,0.000,0.00,0.00,0.00,0.00,0.00,0,
"MSFT Hyd","2025-07-31","POS","TAKEAWAY","166","BEVERAGES","ADDON","Choice of Syrup","Hazelnut Syrup @50",4.00,4.00,25.000,100.00,0.00,100.00,5.00,105.00,0,
"MSFT Hyd","2025-07-31","POS","TAKEAWAY","146","BEVERAGES","ADDON","Choice of Beans","Ethiopia Single Estate 20g@Default",1.00,1.00,0.000,0.00,0.00,0.00,0.00,0.00,0,
"MSFT Hyd","2025-07-31","POS","TAKEAWAY","184","FOOD","Main Course","Wholesome Wrap","Smoked Cottage Cheese Wrap",1.00,1.00,241.280,241.28,0.00,241.28,12.06,253.34,0,
"MSFT Hyd","2025-07-31","POS","TAKEAWAY","36","BEVERAGES","Cold Beverages","Iced Chocolate","Classic Strawberry Iced Chocolate-Med",1.00,1.00,161.900,161.90,0.00,161.90,8.10,170.00,0,
"MSFT Hyd","2025-07-31","POS","TAKEAWAY","78","BEVERAGES","Cold Beverages","Refresh","Bobastic Peach Paradise Refresh Tea-Med",1.00,1.00,180.950,180.95,0.00,180.95,9.05,190.00,0,
"MSFT Hyd","2025-07-31","POS","TAKEAWAY","150","BEVERAGES","ADDON","Choice of Milk","Almond Milk @50",2.00,2.00,50.000,100.00,0.00,100.00,5.00,105.00,0,
"MSFT Hyd","2025-07-31","POS","TAKEAWAY","217","FOOD","Quick Bites","Puff & Toastie","Korean Garlic Mushroom Puff",10.00,10.00,99.481,994.81,0.00,994.81,49.71,1044.52,0,
GRAND TOTAL,,,,,,,,,10895,10895,,942598.25,0.00,942598.25,47130.77,989729.02,,